1.052892901944428274e+02 -4.895235051798000114e+00 -6.964677851451392065e+00 -4.895235051798000114e+00 1.160625150920999857e+02 -6.652445962281630543e+00 -6.964677851451392065e+00 -6.652445962281630543e+00 1.078275851248568955e+02
8.788369515817313982e+01 -3.132116662100730586e+00 -8.819818437679851186e+00 -3.132116662100730586e+00 8.786726948426203876e+01 -1.968679455017464441e+00 -8.819818437679851186e+00 -1.968679455017464441e+00 8.003553698042152575e+01
1.179764903290334246e+02 -1.915608198667274165e+00 1.005664286621387848e+00 -1.915608198667274165e+00 4.246233621993036422e+01 5.654418173180315144e+00 1.005664286621387848e+00 5.654418173180315144e+00 9.411704629429029012e+01
9.074104199441012497e+01 4.472874302165807947e-01 -5.601731143120442624e+00 4.472874302165807947e-01 9.823782522966583031e+01 3.760134533625696385e-01 -5.601731143120442624e+00 3.760134533625696385e-01 7.723260619255083270e+01
9.140018219545086708e+01 7.598795315335157952e+00 -3.026944320783402631e+01 7.598795315335157952e+00 1.346570983837590916e+02 -8.052422479341988293e+00 -3.026944320783402631e+01 -8.052422479341988293e+00 8.332941291074617141e+01
1.070938089669218698e+02 3.411593260020872265e+00 -1.274478604985202157e+00 3.411593260020872265e+00 1.249949118328430444e+02 -6.400585628978102903e+00 -1.274478604985202157e+00 -6.400585628978102903e+00 1.189688507803525255e+02
1.036847131777880548e+02 3.309052868792224267e+00 6.345545212890032261e+00 3.309052868792224267e+00 1.051901598115407523e+02 -1.523985552260531007e+00 6.345545212890032261e+00 -1.523985552260531007e+00 9.678871577573103480e+01
1.157370754242005404e+02 -4.509856082608926786e-01 8.051894168192800905e+00 -4.509856082608926786e-01 1.153016509806975449e+02 6.864875072541260614e+00 8.051894168192800905e+00 6.864875072541260614e+00 9.048846123681225606e+01
8.574864571944793568e+01 -1.082101304251548690e+01 -6.423879347828639119e+00 -1.082101304251548690e+01 1.347332712458146773e+02 1.185318894316882599e+01 -6.423879347828639119e+00 1.185318894316882599e+01 9.564674721261930301e+01
1.127864576559888263e+02 2.094561593382938458e+00 5.549716509068627346e+00 2.094561593382938458e+00 1.346742925102508366e+02 1.927884228642938069e+01 5.549716509068627346e+00 1.927884228642938069e+01 1.031832978689229208e+02
1.256497294881176998e+02 6.482233715670703056e+00 1.478200186940498106e+01 6.482233715670703056e+00 7.766183498712247513e+01 1.130379337630020409e+01 1.478200186940498106e+01 1.130379337630020409e+01 9.776349787426809712e+01
1.166154167238677672e+02 6.045128282147552490e+00 -6.354622558998798132e-01 6.045128282147552490e+00 1.207699595445049994e+02 -1.568887197112832155e+01 -6.354622558998798132e-01 -1.568887197112832155e+01 8.893652322193108262e+01
1.083477794936613350e+02 8.135991697486179008e-01 1.115408920793500691e+01 8.135991697486179008e-01 1.145735901888309911e+02 -1.292008929480966462e+00 1.115408920793500691e+01 -1.292008929480966462e+00 7.194075355257196236e+01
7.060071633680124137e+01 1.210264786215786437e+01 -1.968189566497308718e+01 1.210264786215786437e+01 1.149399499566493148e+02 -1.039519425627043248e+01 -1.968189566497308718e+01 -1.039519425627043248e+01 1.037764472046015101e+02
8.730394571436939088e+01 1.931889787719504481e+00 1.441453745100198880e+01 1.931889787719504481e+00 1.108554323774225452e+02 -1.852052367420028389e+01 1.441453745100198880e+01 -1.852052367420028389e+01 9.993961149777105391e+01
4.251612790057489377e+01 9.398655344044098969e-01 1.052813655272050219e+01 9.398655344044098969e-01 8.734952455805837701e+01 9.796281526237061499e+00 1.052813655272050219e+01 9.796281526237061499e+00 8.924990778997178609e+01
7.528688425837988518e+01 1.553148327695676301e+01 -2.634293869050058845e+01 1.553148327695676301e+01 1.099092751375141859e+02 7.747586946260850205e+00 -2.634293869050058845e+01 7.747586946260850205e+00 7.608396169764482408e+01
1.374021070583643223e+02 1.626170534170634951e+01 1.426483328263679162e+01 1.626170534170634951e+01 9.359180895542540668e+01 6.798740122320253931e+00 1.426483328263679162e+01 6.798740122320253931e+00 1.131929210428591119e+02
6.814916049142647125e+01 -1.423318264197183769e+00 9.259277257231200764e+00 -1.423318264197183769e+00 6.106830221544014137e+01 -3.518648310160758630e+00 9.259277257231200764e+00 -3.518648310160758630e+00 6.182753336510874220e+01
1.010719744036248642e+02 -4.021312354469437800e+00 -1.189021875189823518e+01 -4.021312354469437800e+00 1.069960714043221941e+02 -2.197630295760773844e+00 -1.189021875189823518e+01 -2.197630295760773844e+00 1.116042413889662583e+02
9.728114979506000282e+01 -1.749833765709521671e+01 -9.145546275297038008e+00 -1.749833765709521671e+01 1.082780904502548935e+02 -1.131873017333632170e+01 -9.145546275297038008e+00 -1.131873017333632170e+01 8.288923366690049477e+01
5.866025999744390163e+01 -3.682424766408856520e+00 3.898840224430537127e+00 -3.682424766408856520e+00 8.789214813656015224e+01 7.193724748767281518e+00 3.898840224430537127e+00 7.193724748767281518e+00 5.700256369615266294e+01
1.009278895447555584e+02 -2.670180604565770999e+00 2.560522421308979446e+01 -2.670180604565770999e+00 1.112628563300186215e+02 1.601815390193095112e+01 2.560522421308979446e+01 1.601815390193095112e+01 9.403357313271867213e+01
5.985035290341798486e+01 6.091139380413147286e+00 -8.342753469963616553e+00 6.091139380413147286e+00 1.002499702837755251e+02 3.421967369859461261e+00 -8.342753469963616553e+00 3.421967369859461261e+00 8.713089979886737524e+01
6.776675927598735427e+01 3.588721579857525601e+00 -1.322919934537059028e+01 3.588721579857525601e+00 6.824987580777610674e+01 7.906752687025131010e+00 -1.322919934537059028e+01 7.906752687025131010e+00 7.736737356387990872e+01
1.185100845897126902e+02 1.319990209073383447e+01 1.312320091752908091e+01 1.319990209073383447e+01 8.670032621227962011e+01 -1.258269058362406589e+01 1.312320091752908091e+01 -1.258269058362406589e+01 9.379371987098757302e+01
7.840026988882760861e+01 -1.985057100642274364e+00 1.125442029799432753e+01 -1.985057100642274364e+00 9.124226519013012648e+01 1.902640561369037808e+00 1.125442029799432753e+01 1.902640561369037808e+00 1.040478550504249711e+02
5.693743733994374168e+01 1.392488907227783557e+01 -2.329996252775365928e+00 1.392488907227783557e+01 6.049225094968069527e+01 1.669242301315296118e+01 -2.329996252775365928e+00 1.669242301315296118e+01 6.792318740443312208e+01
9.740784841429238838e+01 1.000040174296856499e+01 1.600701133951172395e+01 1.000040174296856499e+01 1.032831006478330380e+02 -1.865135272605360228e+01 1.600701133951172395e+01 -1.865135272605360228e+01 7.909898539777110216e+01
1.282377817231279664e+02 -5.663159321285052172e+00 -5.538429861790532094e+00 -5.663159321285052172e+00 1.103030110285176590e+02 -1.210533744619009155e+01 -5.538429861790532094e+00 -1.210533744619009155e+01 1.129011492036487994e+02
8.301842975701994476e+01 -1.525801021482284092e+01 -2.275863571298172161e+01 -1.525801021482284092e+01 8.749149617233092613e+01 -1.515844757734415715e+01 -2.275863571298172161e+01 -1.515844757734415715e+01 8.533257667531970014e+01
9.564290494971611167e+01 -1.093363937386498508e+00 -1.305394412869923926e+01 -1.093363937386498508e+00 1.042996193271559235e+02 5.002914469659653918e+00 -1.305394412869923926e+01 5.002914469659653918e+00 7.803967351536405772e+01
8.017558746324247920e+01 3.117227893350902779e+00 1.781772576092215132e+01 3.117227893350902779e+00 1.413570443211812915e+02 3.628993297911492988e+01 1.781772576092215132e+01 3.628993297911492988e+01 1.435142828281723837e+02
8.536802155060154007e+01 2.209301169329186687e-01 -8.448703869518839227e+00 2.209301169329186687e-01 9.256741363715102011e+01 -7.741679467047208885e-01 -8.448703869518839227e+00 -7.741679467047208885e-01 8.549423988697104448e+01
1.016879852035773695e+02 -3.232639865305207749e+00 1.965523996608227009e+01 -3.232639865305207749e+00 9.358835091881255153e+01 3.169386612261587910e+00 1.965523996608227009e+01 3.169386612261587910e+00 1.010421968661252095e+02
9.207248214693500188e+01 -1.452567490547650486e+01 -1.279977843765380285e+01 -1.452567490547650486e+01 9.168643078173785455e+01 -2.283653759334371713e+01 -1.279977843765380285e+01 -2.283653759334371713e+01 9.071822855842249567e+01
9.930290050642766175e+01 5.129276890888025520e+00 -6.670696711071741447e+00 5.129276890888025520e+00 9.846346211865512998e+01 1.456971684400422085e+01 -6.670696711071741447e+00 1.456971684400422085e+01 8.178660027026005253e+01
4.546420016961324961e+01 -4.407075549948829440e+00 4.172409343137037929e+00 -4.407075549948829440e+00 9.606142343644512493e+01 -1.714585806401463230e+01 4.172409343137037929e+00 -1.714585806401463230e+01 8.237393818329759654e+01
9.315585620077321494e+01 1.445766685209019897e+01 2.098423067600635505e+01 1.445766685209019897e+01 8.870334589199426034e+01 8.115723760671897935e+00 2.098423067600635505e+01 8.115723760671897935e+00 1.094623719335879173e+02
1.060051037733054784e+02 -7.571899475012889624e+00 -2.958777774052339637e+01 -7.571899475012889624e+00 7.927558540645857477e+01 -9.138005834349545609e+00 -2.958777774052339637e+01 -9.138005834349545609e+00 7.596321858591235809e+01
1.003274879378472093e+02 -4.984615692583252766e+00 4.044125790457075986e+00 -4.984615692583252766e+00 1.157958620466192059e+02 7.319174632556147309e+00 4.044125790457075986e+00 7.319174632556147309e+00 9.875974861677670447e+01
9.122824093053348804e+01 2.894280588393814302e+00 -7.194637286206786442e+00 2.894280588393814302e+00 1.014587461931163404e+02 -3.065520640331342150e+01 -7.194637286206786442e+00 -3.065520640331342150e+01 8.113298332214264974e+01
1.197684256905045430e+02 -1.370391092705862768e+01 1.182931888488281302e+01 -1.370391092705862768e+01 1.115712459562851961e+02 2.052584871165684000e+00 1.182931888488281302e+01 2.052584871165684000e+00 9.472979117077510125e+01
1.259840543889807662e+02 9.021825409814603347e+00 -5.046908379901078767e+00 9.021825409814603347e+00 9.220345528364717325e+01 1.050623565417236804e+01 -5.046908379901078767e+00 1.050623565417236804e+01 8.329997157125055196e+01
9.019284713469875214e+01 1.437966891515562118e+01 4.798986366073311416e+00 1.437966891515562118e+01 1.290358677564049970e+02 1.620522407702958523e+00 4.798986366073311416e+00 1.620522407702958523e+00 1.002565981872835152e+02
9.364665725836832166e+01 8.592116332380076216e+00 7.633807936040397202e+00 8.592116332380076216e+00 9.774433458803849817e+01 1.195424045752249143e+00 7.633807936040397202e+00 1.195424045752249143e+00 1.000107413897662099e+02
1.281199683368591877e+02 1.048644800022098522e+01 5.948303256987386156e-01 1.048644800022098522e+01 1.394608395501751090e+02 -1.190155342746261802e+01 5.948303256987386156e-01 -1.190155342746261802e+01 1.160289433199834548e+02
1.018727019926478050e+02 -5.235083205584377397e-02 2.625130072025971373e+00 -5.235083205584377397e-02 1.104210165279316129e+02 7.975241023274335816e+00 2.625130072025971373e+00 7.975241023274335816e+00 8.292170078843237491e+01
9.443994046301637013e+01 -1.134236009019088698e+01 -1.178719807780668738e+01 -1.134236009019088698e+01 1.029705325606592652e+02 -1.071847265128683890e+00 -1.178719807780668738e+01 -1.071847265128683890e+00 8.478889647451954659e+01
8.817474657308912356e+01 5.612345394390480635e+00 -1.425906988828202060e+01 5.612345394390480635e+00 7.700692127527524633e+01 1.871378949823029814e+01 -1.425906988828202060e+01 1.871378949823029814e+01 5.971712243725018254e+01
8.480109565923716275e+01 -1.143246115527048445e+01 7.692834699890518380e+00 -1.143246115527048445e+01 6.529392689978622855e+01 1.799470999589993525e+01 7.692834699890518380e+00 1.799470999589993525e+01 8.827536583286617144e+01
9.229600579132754490e+01 -5.193778879375178903e+00 3.363420888872237779e-01 -5.193778879375178903e+00 7.616993233010350650e+01 -9.539090053155371507e+00 3.363420888872237779e-01 -9.539090053155371507e+00 6.805315194713323024e+01
8.534583248233566621e+01 6.388674613978241545e+00 8.264899617887907723e+00 6.388674613978241545e+00 6.136017011122304154e+01 1.013507305772506584e+01 8.264899617887907723e+00 1.013507305772506584e+01 6.227650178534546654e+01
6.753670378465938029e+01 2.634639672711345249e+00 1.631242321202833878e+01 2.634639672711345249e+00 1.057050710688533144e+02 -1.757018797338470328e+00 1.631242321202833878e+01 -1.757018797338470328e+00 9.973928551565646217e+01
8.139320057726058621e+01 -5.577572915116691732e+00 1.331392124238573693e+01 -5.577572915116691732e+00 9.655697929438291283e+01 1.773430062763683068e+01 1.331392124238573693e+01 1.773430062763683068e+01 8.368736772846381200e+01
1.093123315672186777e+02 6.060209164042538177e-01 1.423054108622590164e+01 6.060209164042538177e-01 1.118136927454759331e+02 1.198027178869154241e+01 1.423054108622590164e+01 1.198027178869154241e+01 9.425344662735321322e+01
8.692053590491819648e+01 2.922185022728167603e+00 7.102326919957858031e+00 2.922185022728167603e+00 9.083469715267516165e+01 -1.328140609256756655e+01 7.102326919957858031e+00 -1.328140609256756655e+01 7.333439033584207323e+01
6.494284012700805420e+01 -6.811995929336229771e+00 -8.918852764009346790e-02 -6.811995929336229771e+00 1.197283220714525811e+02 -8.322677646294495801e+00 -8.918852764009346790e-02 -8.322677646294495801e+00 9.861849742679849840e+01
1.034682977197663831e+02 -2.236148981365165600e+00 2.029113447655875646e+01 -2.236148981365165600e+00 8.852040614951656039e+01 -1.628946569118183518e+01 2.029113447655875646e+01 -1.628946569118183518e+01 8.631048061246559655e+01
1.047938784213638854e+02 1.284578953591939765e+01 -1.244139136535957668e+01 1.284578953591939765e+01 8.465946024296863470e+01 -1.887242692784539244e+01 -1.244139136535957668e+01 -1.887242692784539244e+01 8.715126379225422681e+01
1.330250491873466103e+02 -5.724971725739979450e-02 8.968898238323282257e+00 -5.724971725739979450e-02 7.226388786272950426e+01 -1.401897648511948535e+00 8.968898238323282257e+00 -1.401897648511948535e+00 1.099569672257999144e+02
8.448564587488598931e+01 1.289929304684619638e+01 2.425908740496026672e-01 1.289929304684619638e+01 1.153932409226521116e+02 -1.674789568381763871e+01 2.425908740496026672e-01 -1.674789568381763871e+01 9.381955908901147723e+01
1.076448374955243423e+02 3.990670307816567952e+00 -7.840185482227516545e+00 3.990670307816567952e+00 1.046699174144500120e+02 -1.232405826195368093e+00 -7.840185482227516545e+00 -1.232405826195368093e+00 8.564552898878380915e+01
1.335757895462313343e+02 2.457127126584373933e+00 2.512311627531313984e+00 2.457127126584373933e+00 6.333619789404283296e+01 -1.778938907201118980e+01 2.512311627531313984e+00 -1.778938907201118980e+01 8.119061726569036352e+01
9.644901170680353175e+01 -1.586979452558186843e+01 -3.664077961046166565e-01 -1.586979452558186843e+01 1.034325646747667946e+02 2.340178249468796068e+01 -3.664077961046166565e-01 2.340178249468796068e+01 1.217657300041507114e+02
1.033288716046671993e+02 -2.172319388886067770e+01 -4.352611473296236433e+00 -2.172319388886067770e+01 8.591242217569602246e+01 -8.251787895730801736e+00 -4.352611473296236433e+00 -8.251787895730801736e+00 9.592266971735399750e+01
9.247731257207142619e+01 -7.571131022432253665e+00 1.334321849702249274e+01 -7.571131022432253665e+00 1.063347219021121361e+02 8.174030100227673401e+00 1.334321849702249274e+01 8.174030100227673401e+00 1.239072632615250313e+02
1.128284824064923839e+02 -6.148389097670547088e+00 -1.589083091497678346e+01 -6.148389097670547088e+00 7.793377114409511819e+01 -1.522093237780714325e+01 -1.589083091497678346e+01 -1.522093237780714325e+01 7.625479831197752389e+01
1.353318958061302908e+02 1.419869833241578583e+01 -1.041435754250004742e+01 1.419869833241578583e+01 9.394947560342529869e+01 1.386379709211725419e+01 -1.041435754250004742e+01 1.386379709211725419e+01 1.074789477946794989e+02
7.321859413759744939e+01 -6.946186961229832590e+00 -4.211456339890617961e+00 -6.946186961229832590e+00 1.231899127775011209e+02 9.313693305597505301e+00 -4.211456339890617961e+00 9.313693305597505301e+00 1.058562641140935057e+02
1.182214826173974984e+02 -5.405583621913042869e+00 1.972857915924674188e+01 -5.405583621913042869e+00 7.584257153075246549e+01 3.613408119010464326e+00 1.972857915924674188e+01 3.613408119010464326e+00 8.031304441860378063e+01
8.946084802335643360e+01 1.588823738751713677e+00 2.146864397152492276e-01 1.588823738751713677e+00 1.066805255633984331e+02 -1.036584897334738464e+01 2.146864397152492276e-01 -1.036584897334738464e+01 1.067483415036395940e+02
8.733295479928840166e+01 6.864394789678363473e+00 2.531133912928272522e+01 6.864394789678363473e+00 1.252184354772356158e+02 2.160984713321683071e+00 2.531133912928272522e+01 2.160984713321683071e+00 9.904926312653140030e+01
8.936133341416403653e+01 6.156553906339807369e+00 2.110833576777910991e+01 6.156553906339807369e+00 9.610056648977129612e+01 8.306444085528553956e+00 2.110833576777910991e+01 8.306444085528553956e+00 9.610397649809785037e+01
9.875677086302673047e+01 6.949212743266088843e-01 -9.875143972324856634e+00 6.949212743266088843e-01 9.247740862864399958e+01 1.011278793288661326e+01 -9.875143972324856634e+00 1.011278793288661326e+01 9.133957049815316509e+01
1.294298437888399462e+02 -3.322212619235619613e+00 2.242733659415491942e+01 -3.322212619235619613e+00 9.469674770980775236e+01 -1.804072109416553360e+01 2.242733659415491942e+01 -1.804072109416553360e+01 1.058273991140333408e+02
1.112491682684260468e+02 -1.481432490607799357e+00 6.921212252359155492e+00 -1.481432490607799357e+00 1.111682886343140666e+02 5.122264761089719620e+00 6.921212252359155492e+00 5.122264761089719620e+00 1.086193794526299570e+02
1.252863474740493501e+02 -1.301950784742947675e+00 1.538105868429721745e+00 -1.301950784742947675e+00 7.512392428299871483e+01 1.508823022278852122e+01 1.538105868429721745e+00 1.508823022278852122e+01 9.839367701867610094e+01
1.003532310992985259e+02 -6.721558666252601677e-01 -1.445651417321924259e-01 -6.721558666252601677e-01 1.303292695061883819e+02 6.539147234924074681e+00 -1.445651417321924259e-01 6.539147234924074681e+00 9.121714639640056532e+01
7.776917820698010075e+01 1.020677928915568522e+01 -1.688381573401767355e+01 1.020677928915568522e+01 7.875154877475094395e+01 1.044303042941503712e+01 -1.688381573401767355e+01 1.044303042941503712e+01 9.285231743142190908e+01
7.371328548638201994e+01 -1.435949703491391949e+00 -8.091901730672175219e+00 -1.435949703491391949e+00 9.231127878636769424e+01 -1.360309955413641170e+01 -8.091901730672175219e+00 -1.360309955413641170e+01 9.173589991661631871e+01
7.453178354133220296e+01 -1.013838700947905913e+01 -3.800396646022406344e+01 -1.013838700947905913e+01 8.265240618720565635e+01 -7.336416787334172795e+00 -3.800396646022406344e+01 -7.336416787334172795e+00 9.319451897123647655e+01
1.538480008779919217e+02 6.502549680771274598e-01 1.958800036527659927e+01 6.502549680771274598e-01 8.990563798268595974e+01 7.682028335475321157e+00 1.958800036527659927e+01 7.682028335475321157e+00 8.757698652192669897e+01
7.258855907804830565e+01 1.164349744522771246e+01 1.326176252347505091e+01 1.164349744522771246e+01 9.201311918508083920e+01 1.950846552318074600e+01 1.326176252347505091e+01 1.950846552318074600e+01 8.981582508732410020e+01
1.145595179009480802e+02 2.459960795475470086e+00 9.775437249987305677e+00 2.459960795475470086e+00 7.313199913741699731e+01 1.209126515830718951e+01 9.775437249987305677e+00 1.209126515830718951e+01 8.446393708948301082e+01
7.688704267269598347e+01 3.616722070764458508e+00 -5.923472632975578023e+00 3.616722070764458508e+00 7.915191256926243568e+01 -5.611769054955003888e+00 -5.923472632975578023e+00 -5.611769054955003888e+00 9.049604970604603693e+01
8.798196103192199757e+01 -5.290603904535346125e+00 -1.880369845016473818e+01 -5.290603904535346125e+00 1.135381963929962268e+02 -8.761175900120049320e+00 -1.880369845016473818e+01 -8.761175900120049320e+00 7.648019505953539010e+01
9.976680572370048594e+01 8.005354758778018276e-01 -8.335885425024180506e+00 8.005354758778018276e-01 1.220489528084014523e+02 -1.645237763827671529e+01 -8.335885425024180506e+00 -1.645237763827671529e+01 9.663848329621664845e+01
1.036810149997437520e+02 -4.938796707462818070e+00 1.058543429826419024e-01 -4.938796707462818070e+00 1.098965956699336886e+02 -3.677717994352459829e+00 1.058543429826419024e-01 -3.677717994352459829e+00 1.184682999806406087e+02
8.163348609356829400e+01 1.590408672199275841e+00 2.740109789403669005e+00 1.590408672199275841e+00 8.136092556887388128e+01 -3.187887108140405346e+01 2.740109789403669005e+00 -3.187887108140405346e+01 1.007186303013910589e+02
9.188425929296539607e+01 2.357228291101662598e-01 4.172745541141066994e+00 2.357228291101662598e-01 1.043165733122162067e+02 1.203853009996102763e+01 4.172745541141066994e+00 1.203853009996102763e+01 9.699980009397455660e+01
7.038780694367871149e+01 -6.963188974576409507e+00 -3.917379142938386849e+00 -6.963188974576409507e+00 7.509198547261601675e+01 -4.769977281154293536e+00 -3.917379142938386849e+00 -4.769977281154293536e+00 7.843878857443201014e+01
8.912690734878370336e+01 7.574108776182219671e+00 -3.891059642051595713e+00 7.574108776182219671e+00 9.079795551366349571e+01 1.662234974345619420e+01 -3.891059642051595713e+00 1.662234974345619420e+01 8.017236956806107173e+01
1.070939530517807441e+02 7.397220597777015350e+00 1.071799236842394087e+01 7.397220597777015350e+00 1.352540419540545713e+02 -1.270208890334042096e+01 1.071799236842394087e+01 -1.270208890334042096e+01 1.201571666397339015e+02
8.108802884617541906e+01 5.224084728024021018e+00 -6.064435653236038171e+00 5.224084728024021018e+00 1.302902705377210850e+02 -6.169665628496912468e+00 -6.064435653236038171e+00 -6.169665628496912468e+00 8.470105273889558362e+01
8.577727057807662447e+01 2.227844890665664934e+01 2.046807068325025014e+01 2.227844890665664934e+01 6.213155241732295764e+01 -1.698645218181890115e+01 2.046807068325025014e+01 -1.698645218181890115e+01 7.475756451518039114e+01
9.843238781742566346e+01 1.357039229117308121e+00 -3.059834091234634013e+00 1.357039229117308121e+00 1.079836770552986422e+02 1.270722792997342410e+01 -3.059834091234634013e+00 1.270722792997342410e+01 1.008357712916517954e+02
7.206356188061489831e+01 1.133678880898127339e+01 -8.486646215687752459e+00 1.133678880898127339e+01 8.316741350109080599e+01 -9.001605501286613631e+00 -8.486646215687752459e+00 -9.001605501286613631e+00 7.491087080501731066e+01
6.555462443776707460e+01 -7.781014633518526402e+00 -8.892677347981425839e+00 -7.781014633518526402e+00 7.749291950424137099e+01 2.779685097306435537e+00 -8.892677347981425839e+00 2.779685097306435537e+00 8.968946266609572149e+01
1.484985142944653376e+02 -4.137204609286641244e+00 3.399586188448430857e+00 -4.137204609286641244e+00 1.126688363828652086e+02 -2.055519399457988783e+01 3.399586188448430857e+00 -2.055519399457988783e+01 1.153639436680153665e+02
7.475007210251918366e+01 -1.324432825555186710e+01 -1.895037683649367821e+01 -1.324432825555186710e+01 9.574265970033997064e+01 -8.919909386307722343e+00 -1.895037683649367821e+01 -8.919909386307722343e+00 9.826347233454454511e+01
1.053388553858938650e+02 1.068360411544047039e+01 -1.203877024139247798e+00 1.068360411544047039e+01 1.325069680631388849e+02 5.027312839094854269e+00 -1.203877024139247798e+00 5.027312839094854269e+00 8.907470060158672709e+01
5.875329078798717575e+01 2.162713731628114644e+00 -2.670771352487135175e+01 2.162713731628114644e+00 6.271259862485653258e+01 -7.908289592186403816e+00 -2.670771352487135175e+01 -7.908289592186403816e+00 7.749114245764864961e+01
9.044643648630871269e+01 3.252475547542881262e-01 9.512962665413738916e-01 3.252475547542881262e-01 1.017036904531941275e+02 -1.630886911884289958e+01 9.512962665413738916e-01 -1.630886911884289958e+01 1.090504333220805933e+02
1.238857465892672138e+02 -2.300012193644665714e+01 -1.222584041649111164e+01 -2.300012193644665714e+01 1.048889744282176224e+02 -1.248447273816149616e+00 -1.222584041649111164e+01 -1.248447273816149616e+00 9.523773832657565208e+01
1.281797635532899449e+02 -5.939946335172967551e+00 1.625277208045645017e+00 -5.939946335172967551e+00 8.707009598842452647e+01 3.766138069411916867e+00 1.625277208045645017e+00 3.766138069411916867e+00 8.246399122009090377e+01
1.016566227326301686e+02 1.142833072264956584e+01 1.340238934573148200e+01 1.142833072264956584e+01 1.328005649772282482e+02 -2.119041610904831430e+01 1.340238934573148200e+01 -2.119041610904831430e+01 9.820622261728715330e+01
1.048314365412424962e+02 2.608944539546320662e+00 -1.965336686291696822e+01 2.608944539546320662e+00 6.792952713822337785e+01 -4.936059095144301523e+00 -1.965336686291696822e+01 -4.936059095144301523e+00 6.035705132377500348e+01
1.187858149813022379e+02 7.558403526565466102e+00 -2.678571146180593132e+01 7.558403526565466102e+00 1.280799127460935267e+02 4.101807762291084458e+00 -2.678571146180593132e+01 4.101807762291084458e+00 1.112264028607246900e+02
1.017436499873872151e+02 4.867186532604778293e+00 4.562591140955088775e+00 4.867186532604778293e+00 1.011256700276968132e+02 -2.413133216342949083e+01 4.562591140955088775e+00 -2.413133216342949083e+01 8.643194414849241980e+01
1.458875525668948399e+02 -6.390211519139514351e+00 -3.489831338386899517e+00 -6.390211519139514351e+00 1.113439761055620352e+02 1.632985747995152437e+01 -3.489831338386899517e+00 1.632985747995152437e+01 1.101761202961401125e+02
1.124123173057915608e+02 -1.167663696276765073e+01 -2.057243614935790887e+00 -1.167663696276765073e+01 8.064175000997093434e+01 1.667811058383860967e+01 -2.057243614935790887e+00 1.667811058383860967e+01 9.018266513800531925e+01
9.823124535444412686e+01 1.128611896694557082e+01 1.483560143690435851e+01 1.128611896694557082e+01 9.899720046419328412e+01 1.500869538069266973e+01 1.483560143690435851e+01 1.500869538069266973e+01 8.884762286400872711e+01
1.160242845762133328e+02 9.953910361840071275e+00 3.266422961881428932e+01 9.953910361840071275e+00 7.643783411102781145e+01 8.396401065749284243e+00 3.266422961881428932e+01 8.396401065749284243e+00 7.538313294410457388e+01
8.550759175055959815e+01 1.266664402805857392e+01 -8.011406322850529449e+00 1.266664402805857392e+01 9.813264328269123382e+01 1.365641095191804943e+01 -8.011406322850529449e+00 1.365641095191804943e+01 1.052421264173062667e+02
1.137316063018851082e+02 3.815367062858925795e+00 2.297240961525746528e+00 3.815367062858925795e+00 1.203544188115259601e+02 -4.570852006196928663e+00 2.297240961525746528e+00 -4.570852006196928663e+00 9.860010259314951497e+01
8.606467184323457786e+01 8.601818046210610191e+00 9.502252357571121522e+00 8.601818046210610191e+00 9.703663778955879593e+01 7.885572212771345235e+00 9.502252357571121522e+00 7.885572212771345235e+00 9.201821018342755565e+01
7.940665459974334794e+01 7.835046455594512516e+00 1.449560919825911220e+01 7.835046455594512516e+00 8.952174789037185576e+01 -1.284204332958879569e+01 1.449560919825911220e+01 -1.284204332958879569e+01 8.406563851128198905e+01
7.465050946504049989e+01 4.635257938111503329e+00 1.577825261191357464e+00 4.635257938111503329e+00 1.207982001768433946e+02 7.019045871531406355e+00 1.577825261191357464e+00 7.019045871531406355e+00 7.704097333025467265e+01
1.196962872044973096e+02 -2.196741772464413245e+01 -1.410941374820311367e+01 -2.196741772464413245e+01 1.026626712455418726e+02 1.026033082836877064e+01 -1.410941374820311367e+01 1.026033082836877064e+01 1.058842646050004390e+02
1.218753305534639537e+02 6.944457942923401461e+00 -5.710947466143367457e+00 6.944457942923401461e+00 1.412681919915452511e+02 -6.522337334722656976e+00 -5.710947466143367457e+00 -6.522337334722656976e+00 1.204295830795694400e+02
8.490478872933677224e+01 -5.548851999915411781e+00 -7.966211705451859970e+00 -5.548851999915411781e+00 1.040284035944776235e+02 1.718639393764319223e+01 -7.966211705451859970e+00 1.718639393764319223e+01 8.614204541244740199e+01
9.803735516269235006e+01 3.471004250161311422e-01 3.300061973598780440e+01 3.471004250161311422e-01 7.406168267512798309e+01 2.359821818561310014e+00 3.300061973598780440e+01 2.359821818561310014e+00 5.144016771950354183e+01
1.444642823309839343e+02 9.395437448862685059e+00 -1.085170311745464744e+01 9.395437448862685059e+00 1.137809793801909990e+02 1.603496380213236705e+01 -1.085170311745464744e+01 1.603496380213236705e+01 1.239932819222700005e+02
8.845297443556572148e+01 1.531213809347140575e+01 -1.492815194458473549e+00 1.531213809347140575e+01 1.193345861804491079e+02 -2.597686709239999914e+01 -1.492815194458473549e+00 -2.597686709239999914e+01 9.521276361770497942e+01
9.473444991454522324e+01 1.206643453429538226e+01 3.629689708062694642e+00 1.206643453429538226e+01 1.024537482001813800e+02 -3.928905931647930228e+00 3.629689708062694642e+00 -3.928905931647930228e+00 1.236125616968510315e+02
5.010651826580934909e+01 3.763784683383718743e+00 -5.454428389069733818e+00 3.763784683383718743e+00 1.200177405246347035e+02 -6.834905421896446676e-01 -5.454428389069733818e+00 -6.834905421896446676e-01 9.295024710716673155e+01
1.051752710427909250e+02 9.190452722977967781e+00 -6.815165796231353212e+00 9.190452722977967781e+00 1.004038529130479276e+02 -2.714222543093485651e+00 -6.815165796231353212e+00 -2.714222543093485651e+00 1.005406374724011869e+02
7.993381307005981284e+01 4.116840615899780786e+00 1.087518894945034376e+01 4.116840615899780786e+00 8.717695892541925673e+01 -2.716287759403944957e+00 1.087518894945034376e+01 -2.716287759403944957e+00 1.005090348600225241e+02
1.301191457536706366e+02 -8.590099144355907157e+00 1.058927656116737204e+01 -8.590099144355907157e+00 8.774177157218689160e+01 5.376286367276286171e+00 1.058927656116737204e+01 5.376286367276286171e+00 7.759862976236514953e+01
8.554980861420830252e+01 2.693234181984858200e+00 -3.948261331022705267e+00 2.693234181984858200e+00 1.314986141924852916e+02 1.598621509154825482e+00 -3.948261331022705267e+00 1.598621509154825482e+00 1.048982438874715513e+02
8.023389380279824934e+01 1.816376956363991013e+01 -1.019530052873242987e+01 1.816376956363991013e+01 9.408779706793981745e+01 1.986800527434592922e+01 -1.019530052873242987e+01 1.986800527434592922e+01 7.855765858299916715e+01
1.025617638160470761e+02 2.889477759764838005e+00 -6.005745087389945169e+00 2.889477759764838005e+00 9.527366348472040158e+01 -1.890748757683691750e+01 -6.005745087389945169e+00 -1.890748757683691750e+01 8.295945102145613248e+01
9.244580601626533678e+01 -5.289403197378101495e+00 -5.544865652153361246e-01 -5.289403197378101495e+00 9.456121188589801818e+01 -1.054158447288163458e+01 -5.544865652153361246e-01 -1.054158447288163458e+01 8.482030697375306261e+01
7.180103926775504419e+01 1.201269088193713586e+01 -6.654319065446930859e-01 1.201269088193713586e+01 8.860411945251961185e+01 2.072934456066657205e+01 -6.654319065446930859e-01 2.072934456066657205e+01 8.245625866599824860e+01
8.124138316429865370e+01 1.394410038679374075e+01 -1.410518725900961456e+01 1.394410038679374075e+01 7.731804851386033306e+01 -9.031286982213686088e+00 -1.410518725900961456e+01 -9.031286982213686088e+00 9.145325345180106069e+01
7.299651134179357825e+01 2.306318307634512177e+00 5.153771316895805477e+00 2.306318307634512177e+00 7.551607524055464182e+01 -6.286902675330228618e+00 5.153771316895805477e+00 -6.286902675330228618e+00 7.593094357752563894e+01
