8.711424833728861472e+01 -1.115871579806227087e+00 -7.775463595625688562e+00 -1.115871579806227087e+00 8.179880538895544362e+01 -6.860941328009109164e+00 -7.775463595625688562e+00 -6.860941328009109164e+00 8.541946806166848205e+01
1.111032511347032852e+02 7.808700119919793625e-01 3.136049668345433972e+00 7.808700119919793625e-01 1.161975252570680368e+02 1.502079050559142104e+01 3.136049668345433972e+00 1.502079050559142104e+01 1.089231516962673680e+02
1.392503502611220654e+02 -1.740115647992978687e+00 1.590094639539681332e+01 -1.740115647992978687e+00 8.730312218356050380e+01 7.598782751892288800e+00 1.590094639539681332e+01 7.598782751892288800e+00 1.016145529893451425e+02
9.313561434764746139e+01 -5.597953404833078572e+00 5.445517334487022687e+00 -5.597953404833078572e+00 9.080679794002588778e+01 2.468240331629269235e+01 5.445517334487022687e+00 2.468240331629269235e+01 9.875315188010992529e+01
7.582621138875056488e+01 2.242999325276364431e+01 -9.224029958982125521e+00 2.242999325276364431e+01 1.381065618839979834e+02 7.866558035440270658e+00 -9.224029958982125521e+00 7.866558035440270658e+00 1.270924673361219845e+02
8.544399529843509811e+01 -1.246534431333552106e+01 6.778791561871410742e+00 -1.246534431333552106e+01 1.118042781648216106e+02 -6.601169173540444746e+00 6.778791561871410742e+00 -6.601169173540444746e+00 8.335946263665219647e+01
1.616780838068515607e+02 4.183470955908558331e+00 -2.216880878139863142e+01 4.183470955908558331e+00 1.325865683718434411e+02 -1.073379672118039885e+01 -2.216880878139863142e+01 -1.073379672118039885e+01 1.450804414864852561e+02
1.278582255573230100e+02 6.936311973044327672e+00 3.014355029109932471e-01 6.936311973044327672e+00 1.196869366128802596e+02 -1.490874669848097867e+01 3.014355029109932471e-01 -1.490874669848097867e+01 1.299128171009032826e+02
1.476599912204388545e+02 3.094198010983591818e+00 2.125395697317290278e+00 3.094198010983591818e+00 1.317944469019105611e+02 8.472583215664105438e+00 2.125395697317290278e+00 8.472583215664105438e+00 1.342253738211382483e+02
1.589864902657874950e+02 1.615116187220017707e+01 -1.259513623611009514e+01 1.615116187220017707e+01 1.190350111335250460e+02 -6.913903211622239198e+00 -1.259513623611009514e+01 -6.913903211622239198e+00 1.325414213083901132e+02
9.252083280266624854e+01 -8.187860129359922468e+00 -5.643947858424215092e+00 -8.187860129359922468e+00 1.274748756744237141e+02 -1.047327133103368224e+00 -5.643947858424215092e+00 -1.047327133103368224e+00 1.218961297793809990e+02
1.376698264224166621e+02 1.528767132177171462e+01 -2.978105562103612325e-01 1.528767132177171462e+01 1.361305893143145624e+02 2.682983115719304479e+01 -2.978105562103612325e-01 2.682983115719304479e+01 1.187874790588247436e+02
8.743088978545031864e+01 5.555725129632209658e+00 -4.767322760859696196e+00 5.555725129632209658e+00 1.135024950782228643e+02 1.638570063145405209e+00 -4.767322760859696196e+00 1.638570063145405209e+00 9.838529040584060681e+01
1.594686552542014510e+02 1.642995322753968979e-01 -2.120132463016892288e+01 1.642995322753968979e-01 1.255288442229428796e+02 4.668036883046283236e+01 -2.120132463016892288e+01 4.668036883046283236e+01 1.191977100399845853e+02
1.289420375435820745e+02 1.221032695908456844e+01 -1.759864545926940949e+01 1.221032695908456844e+01 1.548374327649200097e+02 1.723539755352816272e+01 -1.759864545926940949e+01 1.723539755352816272e+01 1.150936583708807746e+02
1.015867303464870446e+02 2.753076403285160678e-01 -2.892203740744610485e+01 2.753076403285160678e-01 1.204166336759944897e+02 -1.503787954003725780e+00 -2.892203740744610485e+01 -1.503787954003725780e+00 1.056095267168208522e+02
9.363030187920904268e+01 1.928518721966084204e+00 7.298335870808740466e+00 1.928518721966084204e+00 1.237377439349916699e+02 1.932120130051776741e+01 7.298335870808740466e+00 1.932120130051776741e+01 9.936689772603381243e+01
1.212818660839284490e+02 4.241846720957696881e+00 -2.997101224359521510e+01 4.241846720957696881e+00 1.395102636472803965e+02 -1.024367568091703085e+01 -2.997101224359521510e+01 -1.024367568091703085e+01 1.170637933640593218e+02
8.456760558701996899e+01 8.685795989783095195e+00 -9.191829133745342162e+00 8.685795989783095195e+00 1.513501398844523180e+02 2.007697914898459501e+01 -9.191829133745342162e+00 2.007697914898459501e+01 1.284553531410998346e+02
1.270641268437352238e+02 3.043307525485109188e+00 1.969805452569385995e+00 3.043307525485109188e+00 9.904413623798794220e+01 6.409611925165490831e+00 1.969805452569385995e+00 6.409611925165490831e+00 1.053451880710539683e+02
1.466385094865386804e+02 4.360104722412080136e+00 4.448656991813232153e+00 4.360104722412080136e+00 1.202979990567010731e+02 -8.182540402383670752e+00 4.448656991813232153e+00 -8.182540402383670752e+00 1.283649177825035679e+02
1.467354885800880595e+02 -9.577909495977586118e+00 3.986499826097595900e-01 -9.577909495977586118e+00 1.546340120546157095e+02 1.413545612049941091e+01 3.986499826097595900e-01 1.413545612049941091e+01 1.398598120791270389e+02
1.123310723671601892e+02 9.100923002850272781e+00 4.000952535670244892e+00 9.100923002850272781e+00 1.274470530315656163e+02 -1.688377772356685824e+01 4.000952535670244892e+00 -1.688377772356685824e+01 1.210534944417886294e+02
8.618381396597315813e+01 -4.723776323222234730e+00 1.265854926475621589e+01 -4.723776323222234730e+00 1.249231485833281994e+02 6.879725142730566567e+00 1.265854926475621589e+01 6.879725142730566567e+00 1.225170784414762579e+02
1.589702015442496190e+02 -9.318466882118069394e-01 9.794888448486841481e-01 -9.318466882118069394e-01 1.095510207111547345e+02 -1.033877168527127210e+01 9.794888448486841481e-01 -1.033877168527127210e+01 1.343529060368786645e+02
1.109086809436161047e+02 1.478418034822289862e+01 8.399472277663047493e+00 1.478418034822289862e+01 1.609372765174860547e+02 -8.663387228361006720e+00 8.399472277663047493e+00 -8.663387228361006720e+00 1.105488696756559790e+02
8.864345799542665816e+01 3.268477915993196259e+00 1.281169149355044823e+01 3.268477915993196259e+00 1.116589978334170610e+02 1.437201920063805538e+01 1.281169149355044823e+01 1.437201920063805538e+01 8.130661295057743132e+01
1.209119332115444791e+02 6.996476672828842780e+00 7.871171603968347696e+00 6.996476672828842780e+00 1.236356805006154360e+02 1.155322298444273699e+01 7.871171603968347696e+00 1.155322298444273699e+01 8.815046524414070461e+01
1.094696241806951065e+02 -2.477825255632498624e+01 -1.849038234762487320e+01 -2.477825255632498624e+01 1.369112239401571571e+02 2.197546259828829918e+01 -1.849038234762487320e+01 2.197546259828829918e+01 1.198884271567595476e+02
9.808267797218266537e+01 -1.048734742276730358e+01 3.265276664361469461e+00 -1.048734742276730358e+01 1.041458485626734642e+02 1.112434942025108509e+00 3.265276664361469461e+00 1.112434942025108509e+00 8.723325957442105505e+01
1.038466727667966154e+02 2.190079811170125623e+00 -2.382766913062160263e+00 2.190079811170125623e+00 1.255609979709497850e+02 1.183893469257436593e+01 -2.382766913062160263e+00 1.183893469257436593e+01 1.023945285339694493e+02
1.270940679619378386e+02 1.104493013344633034e+01 -1.095096398260916892e+01 1.104493013344633034e+01 1.119762512855671730e+02 -7.811995526011277668e+00 -1.095096398260916892e+01 -7.811995526011277668e+00 1.003129617376688856e+02
1.140824865503239636e+02 -2.339455861574089912e+00 -2.582703908355458466e+01 -2.339455861574089912e+00 1.263121622508885338e+02 -3.034527622112799605e+01 -2.582703908355458466e+01 -3.034527622112799605e+01 1.278931097846628546e+02
1.523353721513461494e+02 -8.081795130444028530e+00 1.019269104095879230e+00 -8.081795130444028530e+00 1.187027871222736195e+02 -1.541397952953529327e+01 1.019269104095879230e+00 -1.541397952953529327e+01 9.874001733297386352e+01
1.154338855112115141e+02 -4.685078840262241862e+00 -4.819060636495989591e+00 -4.685078840262241862e+00 1.477772606000657731e+02 5.158157923309651949e+00 -4.819060636495989591e+00 5.158157923309651949e+00 1.108738437935061540e+02
1.202880186839668823e+02 6.502354068025815614e+00 6.122158359528364180e+00 6.502354068025815614e+00 1.537378499066516895e+02 5.539248099174792550e+00 6.122158359528364180e+00 5.539248099174792550e+00 1.325186359291290046e+02
9.800396484382606843e+01 -1.444800184966169176e+01 -1.790907271308716631e+01 -1.444800184966169176e+01 1.183261222060170468e+02 -1.271405331878277778e+01 -1.790907271308716631e+01 -1.271405331878277778e+01 9.397076440568916667e+01
1.231268698000903612e+02 -2.472204234385025146e+01 -3.041753976899124634e+00 -2.472204234385025146e+01 1.030537039067259144e+02 -8.407993256271027727e-02 -3.041753976899124634e+00 -8.407993256271027727e-02 1.071492816744516148e+02
1.379417915794238070e+02 -2.382376172054170027e+01 -2.368234172198717147e+01 -2.382376172054170027e+01 1.315411243279351936e+02 8.504360345831983636e+00 -2.368234172198717147e+01 8.504360345831983636e+00 1.213963579069925629e+02
1.194641671610959719e+02 6.895260628590417440e+00 1.370954842179009425e+01 6.895260628590417440e+00 1.200925069482821357e+02 -1.588009118256071162e+01 1.370954842179009425e+01 -1.588009118256071162e+01 1.249678719517126240e+02
1.102763866691201571e+02 1.210110778576682478e+01 -4.428413782965547441e+00 1.210110778576682478e+01 1.399580622578831139e+02 2.501636918504961393e+00 -4.428413782965547441e+00 2.501636918504961393e+00 1.233784034393303273e+02
1.178334589953402514e+02 -8.415054840752778986e+00 -4.421352198483796236e+00 -8.415054840752778986e+00 1.573405290775512242e+02 7.344565710549268545e+00 -4.421352198483796236e+00 7.344565710549268545e+00 1.354581381627323822e+02
1.174742597313685479e+02 -7.101788436066683197e+00 -4.427895933436885478e+00 -7.101788436066683197e+00 9.871200638119626092e+01 -2.671157315573865887e+01 -4.427895933436885478e+00 -2.671157315573865887e+01 1.210261896484592086e+02
1.290748894862987584e+02 -2.816724818080672321e+00 -1.624776434791052493e+00 -2.816724818080672321e+00 1.487554312824778719e+02 1.463480429781893477e+01 -1.624776434791052493e+00 1.463480429781893477e+01 1.261359992566838031e+02
1.395491023619300108e+02 1.951812535309885277e+01 -1.054412256200057740e+01 1.951812535309885277e+01 1.137671632645988780e+02 3.543550170172320879e+00 -1.054412256200057740e+01 3.543550170172320879e+00 1.035288073106580953e+02
8.887922076265735427e+01 -6.458807630388353260e+00 9.792063814694140778e-02 -6.458807630388353260e+00 1.633555396618764917e+02 -1.086796682633366018e+01 9.792063814694140778e-02 -1.086796682633366018e+01 1.325563918674914134e+02
1.011272565828744803e+02 -1.064515029731949092e+01 3.175222631327198286e+01 -1.064515029731949092e+01 1.336513140800018107e+02 1.554697270394159503e+01 3.175222631327198286e+01 1.554697270394159503e+01 1.226992673211054381e+02
9.631172673861935607e+01 1.494452539318851514e+01 -3.060396559930945948e+00 1.494452539318851514e+01 7.871722407557925294e+01 8.805372153674071001e+00 -3.060396559930945948e+00 8.805372153674071001e+00 1.009804697801138218e+02
1.100361515650510000e+02 -2.609490852156232332e+00 2.892862821962907205e+01 -2.609490852156232332e+00 1.420620848928356565e+02 -5.762347091568233104e+00 2.892862821962907205e+01 -5.762347091568233104e+00 1.225482435676557316e+02
1.217315477837263273e+02 -4.444608350043695033e+00 -9.605167212077141414e+00 -4.444608350043695033e+00 1.464240256272129841e+02 -1.674814822428736960e+01 -9.605167212077141414e+00 -1.674814822428736960e+01 1.359450108741341410e+02
1.094561130157200211e+02 1.071021102901135258e+01 -8.787812346929451124e+00 1.071021102901135258e+01 1.501965594435135358e+02 -1.702515064489150731e+01 -8.787812346929451124e+00 -1.702515064489150731e+01 1.055745954122511279e+02
1.383421834195390829e+02 -5.640511220643095847e+00 3.333538647685058720e+01 -5.640511220643095847e+00 1.333526561336536247e+02 1.078727645432218996e+00 3.333538647685058720e+01 1.078727645432218996e+00 1.370039190057875658e+02
1.225560583878155114e+02 1.988400958371328997e+01 2.335736760413701063e+01 1.988400958371328997e+01 1.209482297557806731e+02 1.693396205061716842e+01 2.335736760413701063e+01 1.693396205061716842e+01 1.186317946596170998e+02
1.161364190126859341e+02 7.050521332729172919e+00 8.755611521692669541e+00 7.050521332729172919e+00 8.463751527338929748e+01 -4.416644475495962396e+00 8.755611521692669541e+00 -4.416644475495962396e+00 1.103707765150262361e+02
1.057926571410475702e+02 4.286052239813455067e+00 -4.492674201749477625e+00 4.286052239813455067e+00 1.432223973776470132e+02 -1.201081365886017549e+00 -4.492674201749477625e+00 -1.201081365886017549e+00 1.124906641764477513e+02
1.160354854318267996e+02 -8.347734402026755873e+00 -9.927081309985213764e+00 -8.347734402026755873e+00 1.309513407920194084e+02 1.993908994267094670e+00 -9.927081309985213764e+00 1.993908994267094670e+00 9.241773366923270316e+01
1.282137998745940877e+02 3.581306108534747512e+00 -6.303594003479474850e+00 3.581306108534747512e+00 9.833468238372138615e+01 2.247787079554991507e+01 -6.303594003479474850e+00 2.247787079554991507e+01 1.207957936854346173e+02
1.337429263693450423e+02 -2.583457144033511454e+00 8.062917161262815879e-01 -2.583457144033511454e+00 1.262890944082481468e+02 -2.051531523638179255e+00 8.062917161262815879e-01 -2.051531523638179255e+00 1.051097077672025364e+02
8.506492944345473006e+01 3.175170846374332001e+00 -1.400265125501262276e+01 3.175170846374332001e+00 9.586891831438373401e+01 -4.184318346046368653e+00 -1.400265125501262276e+01 -4.184318346046368653e+00 8.384153347060637884e+01
1.015681348406851043e+02 7.283129925558037954e+00 -9.083504427795288549e+00 7.283129925558037954e+00 1.254328537512209607e+02 2.302599098302339797e+01 -9.083504427795288549e+00 2.302599098302339797e+01 9.952526552734454413e+01
1.268052020794043528e+02 1.545856166623007866e+01 8.702979178688687867e+00 1.545856166623007866e+01 9.748456176657838057e+01 1.391875963136942573e+01 8.702979178688687867e+00 1.391875963136942573e+01 1.063592316026333719e+02
1.060676352407669469e+02 6.614680338515527502e+00 1.001761082304125416e+01 6.614680338515527502e+00 1.024757838327394381e+02 1.018336974944288187e+01 1.001761082304125416e+01 1.018336974944288187e+01 9.728076443843504251e+01
1.019475302362746305e+02 1.690072552632305991e-02 9.201856583709428605e+00 1.690072552632305991e-02 1.559423353501645693e+02 2.639526124818611041e+00 9.201856583709428605e+00 2.639526124818611041e+00 1.281623915395669542e+02
1.356654662831165865e+02 9.897893427460642712e+00 -9.112033229101561105e+00 9.897893427460642712e+00 1.077156678271178976e+02 5.513026082132558514e+00 -9.112033229101561105e+00 5.513026082132558514e+00 9.836980199721062945e+01
1.103599487521542102e+02 -3.080733923238387351e-01 5.406914005986786620e+00 -3.080733923238387351e-01 1.178064837426199603e+02 -1.149065734593442656e+01 5.406914005986786620e+00 -1.149065734593442656e+01 1.076695792190670034e+02
1.296531391008943785e+02 -1.066506396555802638e+01 -1.141575747319799383e+00 -1.066506396555802638e+01 1.167313339666584966e+02 5.631001620207671365e+00 -1.141575747319799383e+00 5.631001620207671365e+00 1.295536178369315792e+02
1.189553093833410173e+02 -2.053499351847093735e+01 -4.661587302552951506e+00 -2.053499351847093735e+01 1.521350114609839466e+02 -2.572794151466068158e+01 -4.661587302552951506e+00 -2.572794151466068158e+01 1.245035492334225893e+02
1.519288131941168274e+02 -3.443746442830245780e+00 -3.405783364656355161e+01 -3.443746442830245780e+00 1.247353575133435015e+02 2.354049802836374550e+00 -3.405783364656355161e+01 2.354049802836374550e+00 1.391588321262385932e+02
9.456389042492634189e+01 1.505699289536786267e+01 5.716305560747218628e+00 1.505699289536786267e+01 1.440648914835497578e+02 -3.505982540729407848e+00 5.716305560747218628e+00 -3.505982540729407848e+00 1.128503812899481176e+02
1.133521774832213254e+02 -5.965155797884108324e+00 1.130296043040949527e+01 -5.965155797884108324e+00 1.324894009693745716e+02 1.753452627217511406e+01 1.130296043040949527e+01 1.753452627217511406e+01 1.218417085016416337e+02
1.302854333753903120e+02 -5.794359607885501973e+00 -2.005038051410333466e+01 -5.794359607885501973e+00 1.258338575953246306e+02 4.302670501960508709e+00 -2.005038051410333466e+01 4.302670501960508709e+00 1.120296368642492126e+02
1.400865830954509761e+02 6.179827966129326500e-01 -2.201754964179953422e+00 6.179827966129326500e-01 1.373575160794037799e+02 -2.916716854342260579e+00 -2.201754964179953422e+00 -2.916716854342260579e+00 1.517920538413202678e+02
1.322226613848839065e+02 1.009199284624902759e+01 1.107030476035075317e+01 1.009199284624902759e+01 9.911432838773653486e+01 -1.700490743604382260e+01 1.107030476035075317e+01 -1.700490743604382260e+01 1.018354393519342977e+02
9.689539023465098921e+01 -6.478768375856768236e-01 1.130616168204122296e+01 -6.478768375856768236e-01 9.466684832667026228e+01 -6.911031500599660760e+00 1.130616168204122296e+01 -6.911031500599660760e+00 8.410869675016593305e+01
1.298420600243961474e+02 4.079241968957920683e+00 5.092626419319007169e+00 4.079241968957920683e+00 8.502505502974776164e+01 2.117063027628824479e+00 5.092626419319007169e+00 2.117063027628824479e+00 1.019875929589010894e+02
1.193067409043828206e+02 1.491058271044623496e+01 7.602972625351461788e-02 1.491058271044623496e+01 1.440515686274941913e+02 -1.943748205831726139e+01 7.602972625351461788e-02 -1.943748205831726139e+01 9.915293171623676471e+01
1.208166018210408481e+02 -5.642912159366890279e+00 5.621962792071030224e-01 -5.642912159366890279e+00 8.053609992915869498e+01 -7.492529444056881260e+00 5.621962792071030224e-01 -7.492529444056881260e+00 1.092257170526954297e+02
1.517829208587238554e+02 2.029640611744752743e+00 -3.746641339867467391e+00 2.029640611744752743e+00 1.472171827962031898e+02 6.711141582536240158e+00 -3.746641339867467391e+00 6.711141582536240158e+00 1.497421700207278263e+02
1.108023805585508370e+02 -1.331226367884680784e+01 2.425701346711203854e+00 -1.331226367884680784e+01 1.177625606871434627e+02 -2.992694795642908900e+01 2.425701346711203854e+00 -2.992694795642908900e+01 1.180561813698946594e+02
1.000232484649975930e+02 1.867031152021987950e+01 -4.857475656076712056e+00 1.867031152021987950e+01 1.060190044623026324e+02 -1.169304235718139795e+00 -4.857475656076712056e+00 -1.169304235718139795e+00 7.832973139645064009e+01
1.001271479113390797e+02 -1.750745686499507059e+01 -2.771874341175580625e+01 -1.750745686499507059e+01 1.453557491268137483e+02 -1.100938682488818543e+01 -2.771874341175580625e+01 -1.100938682488818543e+01 1.089293658906112938e+02
8.980052215137642690e+01 -1.655602604915387488e+01 5.832162623477806562e+00 -1.655602604915387488e+01 1.137876418595959507e+02 -1.714185509775990468e+01 5.832162623477806562e+00 -1.714185509775990468e+01 1.176215173064279753e+02
1.435161122148579693e+02 6.887069190591587287e+00 1.027022723856841147e+01 6.887069190591587287e+00 1.188906723467180768e+02 -1.418107395625151979e+00 1.027022723856841147e+01 -1.418107395625151979e+00 1.230497102203197670e+02
1.245818857439401341e+02 8.210080581862497340e+00 -5.894257489687332985e+00 8.210080581862497340e+00 1.132284585231010539e+02 2.211401088582024954e+01 -5.894257489687332985e+00 2.211401088582024954e+01 1.234375795172873893e+02
1.155063844452241568e+02 -7.973705810643366476e+00 6.666606523071333612e+00 -7.973705810643366476e+00 8.588614464145244654e+01 -5.157216378712085714e+00 6.666606523071333612e+00 -5.157216378712085714e+00 8.850467432174531268e+01
1.379035648687626008e+02 -1.794706403759898450e+01 1.660413897808953765e+00 -1.794706403759898450e+01 9.708868934053144528e+01 3.843385047267450783e-01 1.660413897808953765e+00 3.843385047267450783e-01 1.409756365817033839e+02
1.140103642341503587e+02 -5.833810326523548584e-01 2.681231842767829932e+01 -5.833810326523548584e-01 1.323151681415948246e+02 -2.330478233836290869e+01 2.681231842767829932e+01 -2.330478233836290869e+01 1.207018746118273214e+02
1.168094821682565367e+02 1.134076344600180164e+01 6.818713052808241137e+00 1.134076344600180164e+01 1.145295319252486621e+02 1.046479742965557902e+00 6.818713052808241137e+00 1.046479742965557902e+00 1.060675410863071733e+02
1.264049514709787303e+02 -2.755571496468712578e+00 3.306563394964771696e+00 -2.755571496468712578e+00 9.750527574772485195e+01 4.392588011028132122e+00 3.306563394964771696e+00 4.392588011028132122e+00 1.150707788371599065e+02
1.121514727351743517e+02 -1.885019361558500472e+00 3.188653765011488161e+01 -1.885019361558500472e+00 1.414471621161648045e+02 7.415746482125313399e+00 3.188653765011488161e+01 7.415746482125313399e+00 1.308572804867224875e+02
1.202909374722193263e+02 1.651045529063164707e+01 7.173157516562241875e-01 1.651045529063164707e+01 1.575729022842306790e+02 4.501948416035509659e+00 7.173157516562241875e-01 4.501948416035509659e+00 1.255810528708779685e+02
1.370385678469780544e+02 6.420675074186900311e+00 3.440168573359492221e+00 6.420675074186900311e+00 1.109805207964104596e+02 -1.340415843156932141e+01 3.440168573359492221e+00 -1.340415843156932141e+01 1.192812250457887586e+02
1.067681444213565953e+02 -6.518595712333841163e+00 1.013676329186332659e+01 -6.518595712333841163e+00 1.176592261675605187e+02 1.609495165972544228e+01 1.013676329186332659e+01 1.609495165972544228e+01 1.195240493975012157e+02
1.365947708009149437e+02 1.762383177725432182e+00 8.561982875203067778e+00 1.762383177725432182e+00 1.195556382187495785e+02 3.640011414193033978e+00 8.561982875203067778e+00 3.640011414193033978e+00 1.216792920585613729e+02
8.204638454088561161e+01 -4.912367706114853405e+00 1.148764440322221425e+01 -4.912367706114853405e+00 1.339050603490460389e+02 1.329701065636622559e+01 1.148764440322221425e+01 1.329701065636622559e+01 1.208948912543285132e+02
1.603558256512586979e+02 9.476787606198918468e+00 -1.498166932756252301e+01 9.476787606198918468e+00 9.715078420674096549e+01 2.642656760605520816e+01 -1.498166932756252301e+01 2.642656760605520816e+01 1.221478988047703496e+02
1.359277806079986703e+02 4.576659979852431448e+00 1.100802158522171403e+01 4.576659979852431448e+00 1.259511269749515634e+02 -9.775116011937940996e+00 1.100802158522171403e+01 -9.775116011937940996e+00 1.195666542905411092e+02
1.162445083324866033e+02 -4.435757830826568160e+00 3.429905737246015107e+00 -4.435757830826568160e+00 1.100014085694008088e+02 1.987760708044983815e+01 3.429905737246015107e+00 1.987760708044983815e+01 1.228486904487392763e+02
1.121274162707065045e+02 7.649061233402353110e+00 1.049939919361615814e+01 7.649061233402353110e+00 1.238861313635681825e+02 -1.186204961244462908e+01 1.049939919361615814e+01 -1.186204961244462908e+01 1.230889726300383131e+02
1.351976598498155511e+02 -4.102262734368427033e+00 -1.181167697647480946e-01 -4.102262734368427033e+00 1.369609845721385284e+02 -8.979981599292823802e+00 -1.181167697647480946e-01 -8.979981599292823802e+00 1.217859690614656785e+02
1.378799320993636854e+02 -1.700937977288226577e+01 1.675247932943617712e+01 -1.700937977288226577e+01 1.289413313851339353e+02 -1.455524377932454527e+01 1.675247932943617712e+01 -1.455524377932454527e+01 1.415472953841160120e+02
1.367790781558886408e+02 8.878812632284278195e+00 1.590786674818893154e+01 8.878812632284278195e+00 1.423259056890738634e+02 1.696992905424421494e+01 1.590786674818893154e+01 1.696992905424421494e+01 1.207776689519314601e+02
1.179937098858461013e+02 -9.293704259202064222e+00 -7.319191083644844831e+00 -9.293704259202064222e+00 1.765414009784999507e+02 1.345514307152755995e+00 -7.319191083644844831e+00 1.345514307152755995e+00 1.109744007565262649e+02
9.953364527426288078e+01 8.133062233781537254e-01 -4.178292460621941373e+00 8.133062233781537254e-01 1.131390117863322189e+02 -1.229483058671618245e+01 -4.178292460621941373e+00 -1.229483058671618245e+01 1.057973648640354156e+02
1.107430632489041358e+02 1.243855736953474711e+01 4.283886687239051305e+00 1.243855736953474711e+01 1.306098425664819445e+02 -3.037116869756108173e+01 4.283886687239051305e+00 -3.037116869756108173e+01 1.089321434471741412e+02
1.392717704007167185e+02 -1.737102705280765047e+00 1.461747987722370645e+01 -1.737102705280765047e+00 9.874011148743363719e+01 1.359990555340344898e+01 1.461747987722370645e+01 1.359990555340344898e+01 1.060654696881925361e+02
1.113123681898228483e+02 2.872558412716380349e+00 -2.021505666421775871e+01 2.872558412716380349e+00 1.507829534188780940e+02 -4.646993361290667202e-01 -2.021505666421775871e+01 -4.646993361290667202e-01 1.069138484478300484e+02
1.262294475579923017e+02 7.756962244283501562e+00 2.771436522937711922e-01 7.756962244283501562e+00 1.076405325682320608e+02 -6.753464012196865873e+00 2.771436522937711922e-01 -6.753464012196865873e+00 1.171543699543452419e+02
1.180019013238449332e+02 1.435695448707698674e+01 -2.684004691607664128e+01 1.435695448707698674e+01 1.226207895788982398e+02 8.713430323721679471e+00 -2.684004691607664128e+01 8.713430323721679471e+00 1.085371184112649985e+02
1.305799485255091952e+02 -4.431756266286908996e+00 -4.342403683977825501e+00 -4.431756266286908996e+00 1.027928489759700454e+02 5.395568393586106737e+00 -4.342403683977825501e+00 5.395568393586106737e+00 1.339875867330227663e+02
9.955393556034044877e+01 -1.082319638071936296e+01 -8.883567432501989103e+00 -1.082319638071936296e+01 1.290704642266902056e+02 6.384190221031188273e+00 -8.883567432501989103e+00 6.384190221031188273e+00 1.173812351251289385e+02
1.128622447518774692e+02 3.454480051242506899e+00 -4.668460578115188220e+00 3.454480051242506899e+00 9.831627518683895062e+01 1.327789730103562071e+01 -4.668460578115188220e+00 1.327789730103562071e+01 1.067722401403560184e+02
1.166928718698478917e+02 -1.858279494987605140e+00 -3.503299138626342568e+01 -1.858279494987605140e+00 1.326369880850431571e+02 -2.107647581653157298e-01 -3.503299138626342568e+01 -2.107647581653157298e-01 1.334070774113929758e+02
1.137724359143452517e+02 -6.840321501322398356e-01 -1.854828734037522864e+01 -6.840321501322398356e-01 1.155813313951904746e+02 -1.123658153628104017e+01 -1.854828734037522864e+01 -1.123658153628104017e+01 7.773641706829397435e+01
9.190685157059299115e+01 -2.023313432049103966e+01 5.024882285524079784e+00 -2.023313432049103966e+01 1.096193297717082089e+02 7.680697131880595663e+00 5.024882285524079784e+00 7.680697131880595663e+00 9.708487608491130061e+01
1.366418951080231636e+02 -5.464630689817627562e+00 1.207375591520751179e+01 -5.464630689817627562e+00 1.371742444234874085e+02 1.636169124421610022e+01 1.207375591520751179e+01 1.636169124421610022e+01 1.440311371097269841e+02
9.574628213055065373e+01 -8.573705105442774865e+00 1.721331833271522171e+00 -8.573705105442774865e+00 1.333263399621516214e+02 1.799635389728160462e+01 1.721331833271522171e+00 1.799635389728160462e+01 1.261890552947566846e+02
1.280521837444217681e+02 4.754329445413275401e+00 -1.140116353193570831e+01 4.754329445413275401e+00 1.301584190091785729e+02 -2.815359578414200481e+00 -1.140116353193570831e+01 -2.815359578414200481e+00 1.277704265235999088e+02
1.127680902921207888e+02 -8.945332758102367166e+00 -3.370965045438336194e+00 -8.945332758102367166e+00 1.182457142973848505e+02 -3.840889954083898772e+00 -3.370965045438336194e+00 -3.840889954083898772e+00 1.209575039700667105e+02
1.380157499075626788e+02 -1.090379259827107461e+01 -1.284883542792445432e+01 -1.090379259827107461e+01 1.134888897587880194e+02 1.450284682246995516e+01 -1.284883542792445432e+01 1.450284682246995516e+01 9.703883455409028613e+01
1.207419844116836742e+02 6.848795402700498247e-01 8.375039195356191735e-02 6.848795402700498247e-01 1.495234962879429474e+02 -1.941770962176835980e+01 8.375039195356191735e-02 -1.941770962176835980e+01 1.358907308280844290e+02
1.072888656610408873e+02 -1.930872583460001124e+00 -1.197743590287643478e+01 -1.930872583460001124e+00 1.133677129690811682e+02 -7.766330613029290841e-01 -1.197743590287643478e+01 -7.766330613029290841e-01 8.910467361654471574e+01
1.344915484788703566e+02 4.256723125599251034e+00 -1.431505575248526796e+01 4.256723125599251034e+00 1.412180843155768173e+02 -5.943500272140073371e+00 -1.431505575248526796e+01 -5.943500272140073371e+00 1.219539876949014712e+02
1.280200770736447282e+02 -7.578068770745820082e+00 -2.376693950407854583e+00 -7.578068770745820082e+00 1.538262609443632130e+02 -9.894692175828917469e-01 -2.376693950407854583e+00 -9.894692175828917469e-01 1.061901301929103738e+02
1.194637905432569482e+02 1.678289121993758570e+01 -1.099898275708507356e+01 1.678289121993758570e+01 1.350542155303762399e+02 -9.988893712815469783e+00 -1.099898275708507356e+01 -9.988893712815469783e+00 1.426538456724063337e+02
1.241220353624885320e+02 4.981759542955523479e+00 8.521449380277820396e+00 4.981759542955523479e+00 1.135950018349337967e+02 -1.201740447104314269e+00 8.521449380277820396e+00 -1.201740447104314269e+00 1.203106157543084720e+02
1.150974716265009334e+02 -1.288503781770089507e-01 1.894434807534167930e+00 -1.288503781770089507e-01 9.002531592404548633e+01 -5.211825965370957547e+00 1.894434807534167930e+00 -5.211825965370957547e+00 9.986638713504297016e+01
1.498530839743211800e+02 5.438267441085759657e+00 -1.659957248679133812e+01 5.438267441085759657e+00 1.397665991639679248e+02 7.329783460367469416e+00 -1.659957248679133812e+01 7.329783460367469416e+00 1.442263663820324382e+02
1.213926858830620574e+02 -1.130267796703022576e+01 -9.180342289655026633e+00 -1.130267796703022576e+01 8.911446568035941596e+01 1.931997729254093343e+01 -9.180342289655026633e+00 1.931997729254093343e+01 9.881265749867614545e+01
1.375851815630954036e+02 7.924604259880259960e+00 6.863954270721323248e+00 7.924604259880259960e+00 7.534451717263540615e+01 -3.370042331732721408e+01 6.863954270721323248e+00 -3.370042331732721408e+01 9.698017632566187274e+01
1.491714056856828563e+02 1.399191764660036164e+01 -2.632215031018505158e+01 1.399191764660036164e+01 1.243904226500249450e+02 5.661272279019442522e+00 -2.632215031018505158e+01 5.661272279019442522e+00 1.421463531343178772e+02
9.289975742595699160e+01 5.531715742394258228e+00 -6.812263472314909585e+00 5.531715742394258228e+00 1.174710584797367972e+02 1.606369237908622738e+00 -6.812263472314909585e+00 1.606369237908622738e+00 9.744482858456106555e+01
1.375022785612796667e+02 1.574865155674039308e+01 1.742248246506467169e+01 1.574865155674039308e+01 9.309475131211306120e+01 -7.958876483231689392e-01 1.742248246506467169e+01 -7.958876483231689392e-01 1.174604190257843044e+02
