7.950453624720188373e+01 -1.318410078454450307e+01 -1.989936774529314434e+01 -1.318410078454450307e+01 1.093008047785091463e+02 -2.336268746964809040e+01 -1.989936774529314434e+01 -2.336268746964809040e+01 6.233288699344964812e+01
1.288607566245925113e+02 1.064546965612639839e+00 -2.302389593816009139e+01 1.064546965612639839e+00 9.299606609228717957e+01 -9.073743987293839908e+00 -2.302389593816009139e+01 -9.073743987293839908e+00 1.038048799500850521e+02
9.167490399302830895e+01 9.315758521907964607e+00 5.745431775699420207e+00 9.315758521907964607e+00 1.144427611369776656e+02 -4.629830741760759594e+00 5.745431775699420207e+00 -4.629830741760759594e+00 9.214193104890999564e+01
1.058005993302836600e+02 8.116972496115431923e+00 1.381293513693639419e+01 8.116972496115431923e+00 8.736883192914686447e+01 5.603171991709134936e+00 1.381293513693639419e+01 5.603171991709134936e+00 9.199265913512138582e+01
1.137875592554127024e+02 -3.035819948089751641e+00 1.107637944071816882e+01 -3.035819948089751641e+00 1.165225780464696612e+02 -1.000049779954114371e+01 1.107637944071816882e+01 -1.000049779954114371e+01 1.206932103430139591e+02
1.418091826083131366e+02 -8.782548487518994307e+00 -1.454834425660527408e+01 -8.782548487518994307e+00 8.302649850911663520e+01 -9.801180411438618734e+00 -1.454834425660527408e+01 -9.801180411438618734e+00 1.119305455660189210e+02
1.300356245638127461e+02 -1.276764751412595089e+01 -9.297171575113825526e+00 -1.276764751412595089e+01 9.302694828037148511e+01 1.278820362065797056e+01 -9.297171575113825526e+00 1.278820362065797056e+01 1.054222324908928954e+02
7.820849294167258847e+01 -1.329807190791011395e+00 7.926492312690224473e+00 -1.329807190791011395e+00 1.081506714067281507e+02 -1.376822080240062363e+01 7.926492312690224473e+00 -1.376822080240062363e+01 8.680012899118975156e+01
1.018343273919022920e+02 6.318217117991156151e+00 8.960685401367733505e+00 6.318217117991156151e+00 7.976797139750125609e+01 -1.481014644517078160e+01 8.960685401367733505e+00 -1.481014644517078160e+01 9.644324831244875895e+01
8.001863102364752933e+01 -1.415768217592432521e+01 2.484219882880430319e+01 -1.415768217592432521e+01 9.000034976324937475e+01 7.059629773446256529e+00 2.484219882880430319e+01 7.059629773446256529e+00 8.770791163035259785e+01
1.061545678002392208e+02 -2.585314622691756714e+00 -1.131104564752995856e+01 -2.585314622691756714e+00 7.243606926907831678e+01 8.311390999016401437e+00 -1.131104564752995856e+01 8.311390999016401437e+00 7.774867012873436067e+01
7.824802022128905321e+01 -1.262375476840181587e+00 -1.105419037245229719e+00 -1.262375476840181587e+00 1.229558709384110813e+02 4.906425642503516649e+00 -1.105419037245229719e+00 4.906425642503516649e+00 9.403261256699286719e+01
1.256931470589236426e+02 2.600635646018191416e+00 -1.237977107404980792e+00 2.600635646018191416e+00 7.370934716690626942e+01 1.464334420688643057e+01 -1.237977107404980792e+00 1.464334420688643057e+01 8.855085608302425726e+01
8.823175614891506768e+01 2.742943458294765158e+00 5.045227389880936997e+00 2.742943458294765158e+00 7.959386885970083370e+01 -7.115870896691571801e-01 5.045227389880936997e+00 -7.115870896691571801e-01 7.945756458321049820e+01
9.844261784240538304e+01 4.487042646621288711e+00 1.463460305878169088e+01 4.487042646621288711e+00 1.104383547392822322e+02 -1.571144526568451205e+01 1.463460305878169088e+01 -1.571144526568451205e+01 1.266384397896788130e+02
9.904921509824511361e+01 -8.871064619151031394e+00 2.280315793437233296e+01 -8.871064619151031394e+00 8.807369505873543858e+01 1.681816106665956667e+01 2.280315793437233296e+01 1.681816106665956667e+01 7.546852723712777333e+01
8.681871593798389597e+01 -3.843175440620699934e+00 -9.966685885993149085e+00 -3.843175440620699934e+00 6.917115439538638100e+01 4.926453437886348041e+00 -9.966685885993149085e+00 4.926453437886348041e+00 7.146272801912994055e+01
7.728731041063488760e+01 3.922181971567363590e+00 -8.320900599701773759e-01 3.922181971567363590e+00 8.590041510412359571e+01 -1.540118253625263023e+01 -8.320900599701773759e-01 -1.540118253625263023e+01 6.854822752220812276e+01
7.002413675989259900e+01 1.177298170506491815e+01 2.781654257044315237e+00 1.177298170506491815e+01 1.233657443336079496e+02 -3.638334799594852509e+00 2.781654257044315237e+00 -3.638334799594852509e+00 9.760044184231435338e+01
9.397541087802177628e+01 -2.281967966485601185e+00 1.073047972285928076e+00 -2.281967966485601185e+00 1.183879966859641257e+02 1.318568571799206390e+00 1.073047972285928076e+00 1.318568571799206390e+00 9.813917512962665057e+01
1.061135516437477548e+02 -1.217022366096756336e+01 -1.168177598940065387e+01 -1.217022366096756336e+01 1.280197813316587485e+02 -1.446141305842079916e+01 -1.168177598940065387e+01 -1.446141305842079916e+01 9.589750289533816385e+01
6.666955307569767797e+01 -8.113178261498539712e+00 -6.603457110266070629e+00 -8.113178261498539712e+00 7.322968867173038632e+01 -9.672080377891731473e+00 -6.603457110266070629e+00 -9.672080377891731473e+00 8.537450536925067013e+01
9.688424403716136624e+01 -1.832778616131945526e+01 1.160762031536925853e+01 -1.832778616131945526e+01 1.086356130133958970e+02 7.639379217250009901e+00 1.160762031536925853e+01 7.639379217250009901e+00 1.123528582873648247e+02
7.973329497480003170e+01 -1.559656160487939403e+01 1.044110929796344678e+01 -1.559656160487939403e+01 7.940675065631592133e+01 -1.247544342033901899e+01 1.044110929796344678e+01 -1.247544342033901899e+01 7.535220272773396744e+01
6.880647561758819108e+01 3.003208741699000761e+00 9.636395361178436758e+00 3.003208741699000761e+00 1.188316819947089726e+02 -3.804416613584860052e+00 9.636395361178436758e+00 -3.804416613584860052e+00 9.467052426549354038e+01
8.787629880208450572e+01 -1.327381762333378212e+01 -1.027901383173549021e+01 -1.327381762333378212e+01 8.784685746258888628e+01 7.596682070738408399e+00 -1.027901383173549021e+01 7.596682070738408399e+00 1.010913298029996383e+02
7.496538290995619036e+01 -9.154239395115485678e+00 -7.563878751202499195e+00 -9.154239395115485678e+00 8.463112355405766607e+01 1.035244908147254073e+01 -7.563878751202499195e+00 1.035244908147254073e+01 9.912202598026038913e+01
8.657189857474078565e+01 -1.626381858630309818e+00 -8.198956780812061140e+00 -1.626381858630309818e+00 9.066294800090295780e+01 -5.716182549348951980e+00 -8.198956780812061140e+00 -5.716182549348951980e+00 9.070540500598310985e+01
8.375014069864452892e+01 3.966127853522498192e+00 -6.881877085887836643e+00 3.966127853522498192e+00 6.777261872691471467e+01 2.247887094534383934e+01 -6.881877085887836643e+00 2.247887094534383934e+01 7.876907909924671003e+01
8.900726888763590239e+01 1.140945560613768883e+01 7.874237537206959736e+00 1.140945560613768883e+01 1.311566527941021434e+02 5.235035177298088094e+00 7.874237537206959736e+00 5.235035177298088094e+00 1.028203000811448788e+02
9.551178772814505180e+01 9.437029944789621538e+00 -2.129814355519625835e+00 9.437029944789621538e+00 8.897192006892663585e+01 -6.899263325524732648e-01 -2.129814355519625835e+00 -6.899263325524732648e-01 8.192871596939149015e+01
1.245154934790986232e+02 1.149470581430202110e+01 1.281529157412539810e+01 1.149470581430202110e+01 9.044297844969584332e+01 -2.559777982871488078e+01 1.281529157412539810e+01 -2.559777982871488078e+01 1.031775825028544347e+02
9.389837350681298744e+01 -2.284657550517827929e+00 -1.379434819014225333e+01 -2.284657550517827929e+00 1.010936351607415418e+02 -1.544690546480048532e+01 -1.379434819014225333e+01 -1.544690546480048532e+01 9.001908079490237924e+01
1.046163178469506221e+02 1.357567540266495509e+00 -1.071924110386747664e+01 1.357567540266495509e+00 1.028737075354990935e+02 -5.682178522655799036e+00 -1.071924110386747664e+01 -5.682178522655799036e+00 6.310628648757373327e+01
7.129414873425285748e+01 7.889270390815656953e+00 1.605403103178940682e+01 7.889270390815656953e+00 7.979577977526301424e+01 6.581796353149386158e-01 1.605403103178940682e+01 6.581796353149386158e-01 1.214093120915943587e+02
8.677861231893193406e+01 3.264146421111293606e+00 -2.288120389959319922e+01 3.264146421111293606e+00 8.303620022294717273e+01 6.510186178291347048e+00 -2.288120389959319922e+01 6.510186178291347048e+00 9.441222814182718537e+01
1.032593266461196180e+02 2.234660104490182597e+00 -2.013201676408076679e+00 2.234660104490182597e+00 1.061607634491706023e+02 3.746302387174244242e+00 -2.013201676408076679e+00 3.746302387174244242e+00 1.153181246828949185e+02
8.478980901195907904e+01 1.230158102397007092e+01 -1.237664923544097384e+01 1.230158102397007092e+01 1.069613469533346972e+02 1.671658124115671384e+01 -1.237664923544097384e+01 1.671658124115671384e+01 1.014048104276129152e+02
1.038945007323017649e+02 -1.436204253408727638e+01 8.852573728929472585e-01 -1.436204253408727638e+01 1.154673965966835141e+02 1.428673418118492577e+01 8.852573728929472585e-01 1.428673418118492577e+01 9.875845185304687845e+01
8.193822557007685248e+01 -1.625550969277496804e+01 1.277504387021457299e+00 -1.625550969277496804e+01 1.189876778685781176e+02 1.422914826592349691e+01 1.277504387021457299e+00 1.422914826592349691e+01 1.175058131233937075e+02
1.295385798289999570e+02 2.146624255721043539e+00 -6.258806127850716550e+00 2.146624255721043539e+00 7.937591649651790249e+01 -2.028906926024829804e+00 -6.258806127850716550e+00 -2.028906926024829804e+00 9.475183615418210081e+01
9.230316200598473131e+01 -9.949251618069965275e+00 2.313085493172739859e+01 -9.949251618069965275e+00 9.812760031263081828e+01 8.193049301598419376e+00 2.313085493172739859e+01 8.193049301598419376e+00 1.013812285390446561e+02
6.703917876698371003e+01 -1.821818561200621289e+01 -1.317175751496803215e+00 -1.821818561200621289e+01 1.223685810536598382e+02 -1.571202160511998791e+01 -1.317175751496803215e+00 -1.571202160511998791e+01 1.000111736443428185e+02
9.113357717825637394e+01 -3.246231870325211322e-01 -4.101759734004794211e+00 -3.246231870325211322e-01 6.059431105804644346e+01 -1.545891253637292806e+01 -4.101759734004794211e+00 -1.545891253637292806e+01 6.790484059907043957e+01
9.141084447500719534e+01 1.047977206842670705e-01 2.997205205912780279e+00 1.047977206842670705e-01 7.270421119143406941e+01 7.892104059706752217e+00 2.997205205912780279e+00 7.892104059706752217e+00 8.632892347440086667e+01
1.209281166912572019e+02 -1.287926525146336321e+00 -2.984237568614543701e+00 -1.287926525146336321e+00 1.240735371886601968e+02 1.735987210772182365e+01 -2.984237568614543701e+00 1.735987210772182365e+01 1.194857311974029841e+02
1.180207724089925847e+02 -2.494445105031521059e+00 1.527626096361295183e+01 -2.494445105031521059e+00 8.223926686854110812e+01 -1.706296124187849728e+01 1.527626096361295183e+01 -1.706296124187849728e+01 1.222158511032583732e+02
1.339114112108242125e+02 -4.000756247937418963e-02 -1.168686698774737032e+01 -4.000756247937418963e-02 5.527801202034607542e+01 3.349876912138524343e+00 -1.168686698774737032e+01 3.349876912138524343e+00 9.799115195128158007e+01
9.747600055253757034e+01 -3.693135074251474581e+00 1.126071200349828549e+00 -3.693135074251474581e+00 6.723297290216291344e+01 2.137835079330016708e+00 1.126071200349828549e+00 2.137835079330016708e+00 7.704361488600061136e+01
7.078476072986360634e+01 7.657197711463512135e+00 -1.385520002887138524e+01 7.657197711463512135e+00 1.418870844886751570e+02 -2.124771385459200523e+00 -1.385520002887138524e+01 -2.124771385459200523e+00 8.506385841352846455e+01
9.215681981765982300e+01 -4.676994518897308772e+00 1.555448882608956040e+01 -4.676994518897308772e+00 1.105782611372443114e+02 1.476523999748985183e+01 1.555448882608956040e+01 1.476523999748985183e+01 1.167074869486852435e+02
1.047280796691469078e+02 2.547429910466389913e+01 -1.001610699258531589e+01 2.547429910466389913e+01 1.663065863698432452e+02 -5.339304586833167887e-01 -1.001610699258531589e+01 -5.339304586833167887e-01 1.054813553113155962e+02
6.750202736195817010e+01 8.080134800531181938e+00 -5.961222865999333820e+00 8.080134800531181938e+00 6.881243112508812487e+01 4.018862911868660071e+00 -5.961222865999333820e+00 4.018862911868660071e+00 7.393287081129884086e+01
1.146359309044351136e+02 7.640772037552412854e+00 8.268213569641902794e+00 7.640772037552412854e+00 1.063686298722327024e+02 -5.393864720058339834e+00 8.268213569641902794e+00 -5.393864720058339834e+00 9.952964204600164067e+01
7.881643498952841753e+01 2.106904862959408042e+00 -1.108252706136325871e+00 2.106904862959408042e+00 1.132931560763458663e+02 5.327777798123623398e+00 -1.108252706136325871e+00 5.327777798123623398e+00 9.077557433225246086e+01
1.342184560450746744e+02 -1.391206551983846929e+01 1.429360222612436182e+01 -1.391206551983846929e+01 7.735675931260988136e+01 1.659809545887986237e+00 1.429360222612436182e+01 1.659809545887986237e+00 9.376509501235888422e+01
9.448811283416500828e+01 6.788894323630852767e+00 -6.414465803715845738e+00 6.788894323630852767e+00 1.190366186923073997e+02 -3.573928867680277399e+00 -6.414465803715845738e+00 -3.573928867680277399e+00 9.050315789241692244e+01
1.006910140367744333e+02 1.257870423586201447e+01 -1.028348046236043878e+01 1.257870423586201447e+01 9.029740471395156476e+01 1.964356909251385452e-01 -1.028348046236043878e+01 1.964356909251385452e-01 1.010561730974355328e+02
6.589600949671472563e+01 5.613594129834014623e+00 -1.338274577663896991e+01 5.613594129834014623e+00 8.388702131457036160e+01 -3.110748877530413736e+01 -1.338274577663896991e+01 -3.110748877530413736e+01 7.439696814171682604e+01
9.370237007046445399e+01 2.984957992908890745e+00 8.009533219685227579e+00 2.984957992908890745e+00 9.842676850792976495e+01 1.727889641703728074e+01 8.009533219685227579e+00 1.727889641703728074e+01 8.330712778590773837e+01
6.973250900554114651e+01 1.497666051373739871e+00 1.426963611126576836e+01 1.497666051373739871e+00 8.779397831938386787e+01 -4.716089543937177275e+00 1.426963611126576836e+01 -4.716089543937177275e+00 8.292083627927915757e+01
8.986884831538799290e+01 -8.582414618549544016e+00 -8.079750574240865291e+00 -8.582414618549544016e+00 1.141458982994206366e+02 -7.463163434852861933e+00 -8.079750574240865291e+00 -7.463163434852861933e+00 9.077672701112342679e+01
1.456357882901638732e+02 -2.126788573483370470e+00 1.634546667299569878e+00 -2.126788573483370470e+00 1.150778391665872249e+02 1.571951401778119184e+01 1.634546667299569878e+00 1.571951401778119184e+01 1.047904203847510445e+02
1.045280898850363371e+02 1.772997808187075108e+01 2.679738233537433789e+00 1.772997808187075108e+01 1.083516697848508130e+02 1.064153133665063500e+01 2.679738233537433789e+00 1.064153133665063500e+01 9.403097960525902010e+01
1.016062890885984871e+02 -1.368815764915558475e+01 4.755328653835915631e+00 -1.368815764915558475e+01 1.220024614272729622e+02 7.810552029586731670e+00 4.755328653835915631e+00 7.810552029586731670e+00 1.043159009162081503e+02
1.118669080866849868e+02 7.741487353902050117e+00 -4.579112871438768551e+00 7.741487353902050117e+00 9.601349120672793447e+01 1.069849288419029598e+01 -4.579112871438768551e+00 1.069849288419029598e+01 1.040450213815338856e+02
9.485394429083414991e+01 -6.289496202789876200e+00 -1.743085791485809821e+01 -6.289496202789876200e+00 1.150988755559821470e+02 -1.337712646714306786e+01 -1.743085791485809821e+01 -1.337712646714306786e+01 1.175233914761757745e+02
1.174379491548662884e+02 -4.117609068480416745e+00 -5.618348930176702005e-01 -4.117609068480416745e+00 1.024137406377020199e+02 2.035083363641693310e+01 -5.618348930176702005e-01 2.035083363641693310e+01 9.104630978206787972e+01
9.610455283753333333e+01 1.001870052004496386e-01 -2.031726186430038794e+01 1.001870052004496386e-01 1.098173489975555697e+02 -1.574991592300261445e+01 -2.031726186430038794e+01 -1.574991592300261445e+01 1.004012593855882898e+02
1.054834685559123386e+02 4.428976448496962703e+00 -9.918465486558224242e+00 4.428976448496962703e+00 9.304635170803254596e+01 -5.265725252237246856e+00 -9.918465486558224242e+00 -5.265725252237246856e+00 9.098488160390326129e+01
1.230493339835309712e+02 3.687899991045890058e+00 -1.122776459910350688e+01 3.687899991045890058e+00 1.079071679952390355e+02 1.106955942406502080e+00 -1.122776459910350688e+01 1.106955942406502080e+00 1.025624362120551325e+02
9.584467178041941793e+01 1.006048512911705828e+00 1.102249170350105167e+01 1.006048512911705828e+00 1.115750882191883875e+02 -5.146663130524919971e+00 1.102249170350105167e+01 -5.146663130524919971e+00 1.109460137253650487e+02
9.452461433174522654e+01 -1.567355094780188862e+00 4.354868802751855839e+00 -1.567355094780188862e+00 1.274158736598512434e+02 2.630269098658976290e+00 4.354868802751855839e+00 2.630269098658976290e+00 1.030197615541062675e+02
9.553637821072541669e+01 -4.601109826559480531e+00 -3.762151721649866776e+00 -4.601109826559480531e+00 1.172569785721264424e+02 6.736399406716139460e+00 -3.762151721649866776e+00 6.736399406716139460e+00 1.209413244699868955e+02
1.211433794704079361e+02 -1.077317686937088226e+01 -4.807823570750628051e+00 -1.077317686937088226e+01 8.431327235539201581e+01 -4.462356107468349542e+00 -4.807823570750628051e+00 -4.462356107468349542e+00 8.936608821450673190e+01
9.965648475009290053e+01 -6.350780296095616118e-01 -2.265446236001921854e+00 -6.350780296095616118e-01 1.015027881316440386e+02 9.405379304124666939e-01 -2.265446236001921854e+00 9.405379304124666939e-01 1.099019268097118527e+02
8.842679901953781041e+01 -9.017310750903364536e+00 5.048349228489771967e+00 -9.017310750903364536e+00 1.446680183214251088e+02 5.818290686000993084e+00 5.048349228489771967e+00 5.818290686000993084e+00 1.089634540956098334e+02
9.714844764004138256e+01 -3.289793525990028389e+00 9.606665851965070502e+00 -3.289793525990028389e+00 9.685009592560936653e+01 2.348371875109830142e+01 9.606665851965070502e+00 2.348371875109830142e+01 9.797232486305600219e+01
1.108852579432084866e+02 -3.742892378847670454e+00 1.592416254566188094e+01 -3.742892378847670454e+00 1.272488312801354340e+02 9.320657407109521841e+00 1.592416254566188094e+01 9.320657407109521841e+00 9.949655055674797666e+01
9.756048230812127997e+01 9.769193572769635736e+00 -7.236421895278881244e+00 9.769193572769635736e+00 1.170050702105366298e+02 -2.706297875855674384e+00 -7.236421895278881244e+00 -2.706297875855674384e+00 1.089197963833724430e+02
1.029523778684417294e+02 1.038112196838753043e+01 1.961715353505448567e+00 1.038112196838753043e+01 9.133313470779035015e+01 -1.095895028073969257e+01 1.961715353505448567e+00 -1.095895028073969257e+01 7.857518890749493323e+01
1.183047636658239554e+02 -9.508688147933950674e+00 8.226236847424647891e+00 -9.508688147933950674e+00 1.083998421559994512e+02 -1.139475895053302068e+01 8.226236847424647891e+00 -1.139475895053302068e+01 1.042840581623980398e+02
1.138418312189201345e+02 -1.191480923447859297e+01 1.483118283456570019e+01 -1.191480923447859297e+01 1.316108562975444727e+02 3.624406596570820760e+00 1.483118283456570019e+01 3.624406596570820760e+00 1.119505253331154790e+02
7.876614937378303694e+01 1.312747543500887026e+01 -9.125758621345655186e+00 1.312747543500887026e+01 6.982712472953198812e+01 -2.245202313330786126e+01 -9.125758621345655186e+00 -2.245202313330786126e+01 9.195543721324683872e+01
7.535931091410485294e+01 4.650530933151648227e+00 -1.207061299520259112e+01 4.650530933151648227e+00 9.766230227505558048e+01 7.470992045518093150e+00 -1.207061299520259112e+01 7.470992045518093150e+00 7.249427955206149932e+01
1.004014995270197375e+02 1.150051723694308237e+01 2.967960782390942853e+01 1.150051723694308237e+01 9.255800009303823117e+01 5.925489820999747970e+00 2.967960782390942853e+01 5.925489820999747970e+00 1.026115211206432605e+02
1.002963656083314419e+02 -8.440827230567316874e+00 -2.021990852799103455e-01 -8.440827230567316874e+00 1.163428561991733545e+02 4.131249101786710121e+00 -2.021990852799103455e-01 4.131249101786710121e+00 1.161596763152641927e+02
1.291906148948306168e+02 -2.939235064361033878e+00 1.300212160779258319e+01 -2.939235064361033878e+00 6.776498222939463290e+01 -4.311259118800748524e+00 1.300212160779258319e+01 -4.311259118800748524e+00 9.784178398092042528e+01
9.702708016058713270e+01 1.215855278739915235e+01 -2.268837033013979365e+01 1.215855278739915235e+01 1.058462742305452196e+02 -1.511872818458252254e+01 -2.268837033013979365e+01 -1.511872818458252254e+01 8.611553379841544142e+01
9.110245484874060651e+01 1.686489258921950452e+01 5.574306991648986909e+00 1.686489258921950452e+01 9.692694118367298017e+01 -1.100352053041659417e+01 5.574306991648986909e+00 -1.100352053041659417e+01 8.653376411542672031e+01
1.127098045110703595e+02 -8.263794967303242700e+00 1.069844485590400573e+01 -8.263794967303242700e+00 1.098212873170313344e+02 1.134759517339647061e+01 1.069844485590400573e+01 1.134759517339647061e+01 1.125578430132495527e+02
9.612746233009355024e+01 7.004925555362215839e-01 -3.620516305381349831e+00 7.004925555362215839e-01 8.171158008707544695e+01 -1.069589935673065095e-01 -3.620516305381349831e+00 -1.069589935673065095e-01 8.601616327408191864e+01
9.409452102802038098e+01 -1.317007652494789127e+01 -1.268364604140515084e+01 -1.317007652494789127e+01 9.754665016166981673e+01 2.970885705025989143e+00 -1.268364604140515084e+01 2.970885705025989143e+00 9.435531462257380042e+01
1.091596496451035279e+02 -3.690349433646667787e+00 1.401791986282111147e+01 -3.690349433646667787e+00 6.948204149254003426e+01 -1.151487769454372234e+01 1.401791986282111147e+01 -1.151487769454372234e+01 7.711071040194741499e+01
8.746287131370222312e+01 7.665026322128744241e+00 3.078776447347317102e+01 7.665026322128744241e+00 7.948806254500449597e+01 2.129545397116402938e+01 3.078776447347317102e+01 2.129545397116402938e+01 6.820146329519602091e+01
1.173503455606737447e+02 5.820644072029192095e+00 1.331584237383732772e+00 5.820644072029192095e+00 9.321666001121606371e+01 -3.019394274178651472e+00 1.331584237383732772e+00 -3.019394274178651472e+00 9.376187711717747675e+01
9.816237279190460185e+01 -5.745671917130867890e+00 -1.060992872427197087e+00 -5.745671917130867890e+00 1.023012103629250902e+02 -1.410437077814268747e+01 -1.060992872427197087e+00 -1.410437077814268747e+01 7.293287386245962978e+01
1.263541603631296937e+02 1.265506921106274163e+01 6.302031585511504552e+00 1.265506921106274163e+01 1.090932265251647806e+02 1.921496466566399164e+01 6.302031585511504552e+00 1.921496466566399164e+01 1.132510832975560220e+02
7.452722085413466857e+01 7.144399698747692540e+00 -1.146747377597572282e+01 7.144399698747692540e+00 6.117334007755585645e+01 2.845195679805674338e-01 -1.146747377597572282e+01 2.845195679805674338e-01 6.906164990264571202e+01
9.188685282042504809e+01 1.113247647910461380e+00 7.584963168883706253e+00 1.113247647910461380e+00 1.037293314557512502e+02 -1.508856642079255073e+00 7.584963168883706253e+00 -1.508856642079255073e+00 8.841882632401369335e+01
8.726696393392627726e+01 1.169440742869486405e+00 -9.981718739601844748e-01 1.169440742869486405e+00 1.042802639277811494e+02 -6.246078631983928986e-01 -9.981718739601844748e-01 -6.246078631983928986e-01 8.528301148386866259e+01
9.478098932396000009e+01 4.074239525960758890e-01 9.019712165217853794e+00 4.074239525960758890e-01 1.041918438527217035e+02 7.251550805460157179e+00 9.019712165217853794e+00 7.251550805460157179e+00 8.871074224808289443e+01
1.067903182258568506e+02 -1.129145010672373550e-01 1.747365111794227488e+01 -1.129145010672373550e-01 9.783304283281567848e+01 2.355412821879909302e+01 1.747365111794227488e+01 2.355412821879909302e+01 9.187455757913485854e+01
9.081846359190922158e+01 1.139701627998863920e+01 1.681090879542981043e+01 1.139701627998863920e+01 1.205665117237815736e+02 -2.031596510057056548e+00 1.681090879542981043e+01 -2.031596510057056548e+00 8.111295552675981924e+01
1.216057477825195008e+02 4.001092445941447195e+00 8.302217596335054850e+00 4.001092445941447195e+00 7.583387841093401960e+01 1.825108498811470170e+01 8.302217596335054850e+00 1.825108498811470170e+01 9.796536076154399098e+01
8.823391742179811104e+01 -1.074916272622600033e+01 4.159105507834773618e+00 -1.074916272622600033e+01 8.548093605166877751e+01 8.298471390004452886e+00 4.159105507834773618e+00 8.298471390004452886e+00 8.535457363044041301e+01
1.125964097271402409e+02 2.438972434366843078e+00 1.314202800575466767e+01 2.438972434366843078e+00 9.963847414273423908e+01 1.225869176431331020e+01 1.314202800575466767e+01 1.225869176431331020e+01 1.208453159256936544e+02
8.034964197275658648e+01 -1.734335037723814210e+01 -6.557878266577083615e+00 -1.734335037723814210e+01 9.114126170406272820e+01 1.933690848455371025e+01 -6.557878266577083615e+00 1.933690848455371025e+01 7.601360025823032629e+01
6.002440741293209214e+01 9.450093638660437279e+00 2.406404453433752977e+01 9.450093638660437279e+00 1.020717312110325992e+02 -1.614389195543755662e+01 2.406404453433752977e+01 -1.614389195543755662e+01 7.114502090532313616e+01
1.087906963498255521e+02 9.586782141441108962e+00 -1.644574973476872515e+01 9.586782141441108962e+00 1.098119698294911188e+02 -3.985660957556545725e+01 -1.644574973476872515e+01 -3.985660957556545725e+01 9.211196139826517992e+01
1.068036700894454043e+02 -1.777670960443069381e+00 2.839984610743234938e+01 -1.777670960443069381e+00 6.116455090116483007e+01 8.296069975689965403e+00 2.839984610743234938e+01 8.296069975689965403e+00 9.608735871104158832e+01
1.059252327332056041e+02 5.304724220704536419e-01 -1.854535429821209291e+01 5.304724220704536419e-01 3.234421714726558150e+01 -5.066215750989563560e+00 -1.854535429821209291e+01 -5.066215750989563560e+00 6.630011949755680689e+01
8.466051686526702724e+01 -1.167471583131605861e+01 4.432482513396115209e+00 -1.167471583131605861e+01 1.121050803583959521e+02 5.190609012480055462e+00 4.432482513396115209e+00 5.190609012480055462e+00 8.624448974710345794e+01
7.614942425185776642e+01 4.732034934985379415e+00 1.198862871050596368e+01 4.732034934985379415e+00 9.674856412839278619e+01 2.496990604204878839e+00 1.198862871050596368e+01 2.496990604204878839e+00 7.722146363013162329e+01
7.490299416606579541e+01 -2.113340653322236751e+00 2.556209481200158962e+01 -2.113340653322236751e+00 1.083404791941452885e+02 -2.736709386734353444e+01 2.556209481200158962e+01 -2.736709386734353444e+01 1.082091698594290818e+02
8.571891621023456764e+01 -1.347774572692012462e+01 -5.509612890016673425e+00 -1.347774572692012462e+01 8.886928362112541890e+01 3.363507339787560113e+01 -5.509612890016673425e+00 3.363507339787560113e+01 8.170264682582555338e+01
1.158361577788163288e+02 -5.548035519048485575e+00 7.643317536725771077e+00 -5.548035519048485575e+00 1.420308811778267000e+02 -3.318303116731632940e+01 7.643317536725771077e+00 -3.318303116731632940e+01 9.121047046460628849e+01
7.322685500283928661e+01 9.151069528220361349e+00 -9.601814995049804402e-01 9.151069528220361349e+00 1.336754962685688781e+02 7.440494083724093599e+00 -9.601814995049804402e-01 7.440494083724093599e+00 8.795256772071266482e+01
1.153874775282973388e+02 -5.958389197108236779e+00 -1.484088454839623239e+01 -5.958389197108236779e+00 8.471344403675833235e+01 -8.125569559361299099e+00 -1.484088454839623239e+01 -8.125569559361299099e+00 9.639531608273158270e+01
7.670496743937148665e+01 -1.325441419567271772e+01 -7.198959831972865375e-01 -1.325441419567271772e+01 1.025051864947977123e+02 -3.560048692942535897e+00 -7.198959831972865375e-01 -3.560048692942535897e+00 9.925256686239598025e+01
9.020744773373084513e+01 1.171741297782766011e+01 8.990414910581097097e-01 1.171741297782766011e+01 7.261646351238266561e+01 -7.706234591765362296e+00 8.990414910581097097e-01 -7.706234591765362296e+00 8.257901896575488365e+01
6.782751505814391635e+01 -2.881697177385895373e-03 -1.386033905550439194e+01 -2.881697177385895373e-03 1.318785659653236166e+02 6.098679821360641462e+00 -1.386033905550439194e+01 6.098679821360641462e+00 1.073688669625033612e+02
8.838194060014315312e+01 1.203531220477961305e+01 1.239124983447306150e+01 1.203531220477961305e+01 9.405499374840390203e+01 -2.406649397693831016e+00 1.239124983447306150e+01 -2.406649397693831016e+00 9.567676489155039121e+01
8.531211662536024676e+01 3.749808452073397191e+00 -4.342861731179413987e+00 3.749808452073397191e+00 1.108595147817571700e+02 6.755706777804624252e+00 -4.342861731179413987e+00 6.755706777804624252e+00 1.018416276914183243e+02
1.040982847510292260e+02 1.005135975472200460e+00 8.095984135006805360e+00 1.005135975472200460e+00 9.027665649427439121e+01 -9.489813031422073664e+00 8.095984135006805360e+00 -9.489813031422073664e+00 9.701536125873242611e+01
8.939264785682497916e+01 -1.108363171194792152e+01 2.074677882858975764e+01 -1.108363171194792152e+01 7.152564507416953177e+01 2.854806139892256311e+01 2.074677882858975764e+01 2.854806139892256311e+01 7.039073666914238459e+01
8.351336124723597720e+01 -5.927218839306179987e+00 1.423529588656858635e+01 -5.927218839306179987e+00 7.844277492219404735e+01 -4.340556373437506110e+00 1.423529588656858635e+01 -4.340556373437506110e+00 9.009342858207894267e+01
1.101235773509391009e+02 1.157481699583334844e+01 -1.052703190213583717e+01 1.157481699583334844e+01 1.148885596903192550e+02 2.093586619171256302e+01 -1.052703190213583717e+01 2.093586619171256302e+01 9.776796450489305812e+01
8.469807498514560962e+01 -9.495528397490556216e+00 -2.790746011638967872e+01 -9.495528397490556216e+00 9.907803207001897761e+01 -1.640583822886193133e+01 -2.790746011638967872e+01 -1.640583822886193133e+01 9.287575523513130804e+01
1.160254852833705854e+02 -1.782118379753501713e+01 -1.854434570420000838e+01 -1.782118379753501713e+01 1.057842697129451466e+02 1.173599992462179920e+01 -1.854434570420000838e+01 1.173599992462179920e+01 1.112568047659461143e+02
1.247571237874224295e+02 -2.387486111464214744e+00 2.021736302881767600e+01 -2.387486111464214744e+00 7.836165514665063370e+01 -1.597588900999595829e+01 2.021736302881767600e+01 -1.597588900999595829e+01 1.002545809992593462e+02
9.455002129519250786e+01 6.872367485202464543e+00 -4.442616481803255968e-01 6.872367485202464543e+00 4.585313323198776914e+01 6.782698674699473074e+00 -4.442616481803255968e-01 6.782698674699473074e+00 8.925807259864104992e+01
1.040249935861510409e+02 -1.840155760906053484e+00 -3.152960938350487741e+00 -1.840155760906053484e+00 1.158555131781911030e+02 -8.811269402720274257e-01 -3.152960938350487741e+00 -8.811269402720274257e-01 9.015485676024354689e+01
