9.651495454387936945e+01 -4.626084535430158295e-01 -9.897188955731859750e+00 -4.626084535430158295e-01 8.195527561170972319e+01 -8.586593079456752875e+00 -9.897188955731859750e+00 -8.586593079456752875e+00 9.496119145411920215e+01
9.575807678023898006e+01 -9.386984470475685072e+00 1.535814919173700055e+01 -9.386984470475685072e+00 7.633582203094834995e+01 -1.713404310558734878e+01 1.535814919173700055e+01 -1.713404310558734878e+01 8.511097416237872437e+01
1.072079241751463456e+02 -1.662018847057315618e+00 1.182490028254415471e+01 -1.662018847057315618e+00 1.195488403655877363e+02 -2.189551938006835385e+01 1.182490028254415471e+01 -2.189551938006835385e+01 9.901727628786241553e+01
8.006128014187282815e+01 -5.703983364631351805e+00 8.992047872314948620e+00 -5.703983364631351805e+00 9.908379546437373619e+01 -3.084290094613382394e+01 8.992047872314948620e+00 -3.084290094613382394e+01 7.964492292802687246e+01
1.194831376699433321e+02 -8.521658836392990821e+00 1.496177174498757090e+00 -8.521658836392990821e+00 7.812511583667354387e+01 -1.535646820171685789e+01 1.496177174498757090e+00 -1.535646820171685789e+01 1.066574239576930694e+02
1.182854562947354680e+02 -8.407399543309640677e+00 7.568489466686315836e+00 -8.407399543309640677e+00 8.745336171301684658e+01 1.140777461611754617e+01 7.568489466686315836e+00 1.140777461611754617e+01 7.504842381695119968e+01
6.851042926089807850e+01 2.977753749965425523e-01 -1.234783226366711339e+01 2.977753749965425523e-01 7.799812904772340971e+01 1.709134595907574772e+00 -1.234783226366711339e+01 1.709134595907574772e+00 6.677233360835778342e+01
8.927858067688679000e+01 -5.766900419670944800e+00 1.806387072815719819e+01 -5.766900419670944800e+00 1.334606657439947526e+02 -1.053260318334544898e+01 1.806387072815719819e+01 -1.053260318334544898e+01 1.262337054211149621e+02
1.012735971494692819e+02 -4.934906416273347141e+00 1.134067910017074432e+01 -4.934906416273347141e+00 8.510386597600782466e+01 -2.086012558423360197e+00 1.134067910017074432e+01 -2.086012558423360197e+00 9.257298491836063192e+01
1.060444389397767964e+02 1.615220084896568409e+01 2.062872530088951351e+01 1.615220084896568409e+01 8.808061113196117731e+01 -9.273349545114102810e+00 2.062872530088951351e+01 -9.273349545114102810e+00 7.758566212506690363e+01
1.031626937341046073e+02 -1.086198117072065727e+01 -2.344491189577616908e+01 -1.086198117072065727e+01 1.043658503339495098e+02 -1.764256660082337902e+01 -2.344491189577616908e+01 -1.764256660082337902e+01 1.084481586120069494e+02
8.546633545263669873e+01 -3.238883542522877690e+00 2.108009513544072622e+00 -3.238883542522877690e+00 9.251756027598223397e+01 6.139792034424679024e+00 2.108009513544072622e+00 6.139792034424679024e+00 1.005337694274617490e+02
9.244753503457177146e+01 -3.519224649596235377e+00 1.451592516335968241e+01 -3.519224649596235377e+00 1.135829587558183107e+02 1.311686118373883048e+01 1.451592516335968241e+01 1.311686118373883048e+01 7.730873102632011751e+01
9.112805392533304882e+01 -8.963182872254801481e+00 -3.445020947278548462e+00 -8.963182872254801481e+00 6.665000556317774283e+01 5.230520518386850171e+00 -3.445020947278548462e+00 5.230520518386850171e+00 8.122308438722224366e+01
6.676416879968851958e+01 4.388248461723242677e+00 -1.143750412533090888e+01 4.388248461723242677e+00 6.844251726408435843e+01 -1.148908650480611726e+01 -1.143750412533090888e+01 -1.148908650480611726e+01 8.034315815410747064e+01
9.977588306980925381e+01 -1.355598380528615143e+00 1.523370790196021929e+01 -1.355598380528615143e+00 9.487776632083387085e+01 7.756616264083326051e+00 1.523370790196021929e+01 7.756616264083326051e+00 9.211047252139019292e+01
9.634546272156279656e+01 8.271959775972502982e+00 -5.579878272858600496e+00 8.271959775972502982e+00 8.052369648227069376e+01 7.244970930238459950e+00 -5.579878272858600496e+00 7.244970930238459950e+00 1.042510627297169776e+02
9.865586343353193399e+01 6.900464032681975723e+00 1.001341740855309048e+01 6.900464032681975723e+00 1.126964526474818200e+02 5.580646725439236455e+00 1.001341740855309048e+01 5.580646725439236455e+00 8.953735708341604038e+01
9.898063070542333719e+01 9.192133712998110440e+00 -2.625754439747738811e+00 9.192133712998110440e+00 1.582914338406621084e+02 -1.071780025527878344e+01 -2.625754439747738811e+00 -1.071780025527878344e+01 1.099394849295904493e+02
9.862695040518549661e+01 -3.292483110022255133e+00 2.128181393785773778e+01 -3.292483110022255133e+00 1.450018149111389789e+02 1.333471749034920428e+01 2.128181393785773778e+01 1.333471749034920428e+01 1.153815220207974193e+02
7.885221606281429274e+01 -9.372239786584728449e-01 -1.347990699980316265e+01 -9.372239786584728449e-01 9.809460487994974187e+01 1.573315405108748521e+01 -1.347990699980316265e+01 1.573315405108748521e+01 1.049372908842251348e+02
1.065166530505777729e+02 -7.789083385615207078e+00 3.564227153849745644e+00 -7.789083385615207078e+00 1.252734758933236776e+02 4.350594285272066486e+00 3.564227153849745644e+00 4.350594285272066486e+00 9.722750219927432624e+01
1.140747203791392081e+02 6.407453673917539172e-01 -1.077312884108459201e+01 6.407453673917539172e-01 7.864319696088124090e+01 3.235953817059201931e+00 -1.077312884108459201e+01 3.235953817059201931e+00 8.690185290155146447e+01
1.095359512681838368e+02 2.002942834456582943e+01 4.428880391924383098e+00 2.002942834456582943e+01 1.235022887515297469e+02 9.943536252001480946e+00 4.428880391924383098e+00 9.943536252001480946e+00 7.829777752588525175e+01
1.201411732203994092e+02 -3.021411462202822307e+00 4.422252488416395622e+00 -3.021411462202822307e+00 1.199874827042721535e+02 -2.723098170399834217e+01 4.422252488416395622e+00 -2.723098170399834217e+01 1.005364590114939602e+02
1.265232679591559446e+02 -1.377018996213850377e+00 -1.524254510663753592e+01 -1.377018996213850377e+00 9.638686310434457027e+01 -1.121575752753106592e+01 -1.524254510663753592e+01 -1.121575752753106592e+01 1.036730423042196634e+02
8.507269561820577053e+01 -6.310484563898503652e+00 -7.478388401606717473e+00 -6.310484563898503652e+00 1.040283075379050501e+02 -2.973560880572329168e+01 -7.478388401606717473e+00 -2.973560880572329168e+01 8.659768976447840316e+01
7.952999123893546596e+01 9.550424728719756118e+00 2.558466810655777746e+00 9.550424728719756118e+00 1.178659292139943773e+02 -1.115437737765274662e+01 2.558466810655777746e+00 -1.115437737765274662e+01 1.026299159542922439e+02
8.794224163916037185e+01 -1.260396711445043216e+01 1.985767919279362559e+01 -1.260396711445043216e+01 8.484398491889392346e+01 2.144808786499290321e+01 1.985767919279362559e+01 2.144808786499290321e+01 9.407079505459323343e+01
9.748699903009793388e+01 1.418083180991599468e+00 -7.327435497797986308e+00 1.418083180991599468e+00 9.854847218538802167e+01 -7.232579632375700562e+00 -7.327435497797986308e+00 -7.232579632375700562e+00 6.261289190251898162e+01
1.256511223084201134e+02 9.950500353513498375e-01 5.978945303640256448e+00 9.950500353513498375e-01 1.071132123945829306e+02 -1.156886148833341643e+01 5.978945303640256448e+00 -1.156886148833341643e+01 9.019443206814631253e+01
1.113823507063075624e+02 -7.236037668988564597e+00 -1.703083031835064265e-01 -7.236037668988564597e+00 9.978496041591802168e+01 -9.876008481478073975e+00 -1.703083031835064265e-01 -9.876008481478073975e+00 1.262266452630303633e+02
1.008556550021757516e+02 1.651707173990902788e+01 1.471692354148235005e+01 1.651707173990902788e+01 9.721045215764145553e+01 -2.028743629851444297e+01 1.471692354148235005e+01 -2.028743629851444297e+01 9.647360218938388243e+01
8.439477635722575144e+01 1.213785259600826194e+01 -1.565986288620930367e+01 1.213785259600826194e+01 7.480098208598633391e+01 -1.297940422837752195e+01 -1.565986288620930367e+01 -1.297940422837752195e+01 7.701609467795658759e+01
1.108163373523826749e+02 -1.220009725503979681e+01 -6.652253849136471331e+00 -1.220009725503979681e+01 1.081267052918695555e+02 -2.127912435382550882e+01 -6.652253849136471331e+00 -2.127912435382550882e+01 1.081509595764458851e+02
1.039730750086718132e+02 1.925309912497806808e+00 -1.285429054259268611e+01 1.925309912497806808e+00 9.365520629332790747e+01 1.125610128801446841e+01 -1.285429054259268611e+01 1.125610128801446841e+01 1.081641193268892778e+02
1.058261503785898157e+02 1.029467105306595442e+01 1.268571125771561192e+01 1.029467105306595442e+01 1.109851567786912057e+02 -6.230805636943784087e+00 1.268571125771561192e+01 -6.230805636943784087e+00 9.261246416969082418e+01
8.258262108722661310e+01 6.052428581663597207e+00 -1.163235488280848706e+01 6.052428581663597207e+00 1.323582244604994855e+02 1.178446046548817172e+01 -1.163235488280848706e+01 1.178446046548817172e+01 1.003535672973025470e+02
1.136923191637000912e+02 7.596537985879539434e+00 -1.433125640257553712e+01 7.596537985879539434e+00 9.318707458686155576e+01 -8.764681965019203158e-01 -1.433125640257553712e+01 -8.764681965019203158e-01 8.558731870580061241e+01
9.427798908164729141e+01 1.329475795615612022e+01 4.963963529478654380e+00 1.329475795615612022e+01 1.282087726382089556e+02 -1.393314993751967457e+01 4.963963529478654380e+00 -1.393314993751967457e+01 9.915530958265919992e+01
8.789743124805200125e+01 -1.226483938495839965e+01 -5.977600511624143742e-01 -1.226483938495839965e+01 6.831308103253343234e+01 2.376012153869589838e+01 -5.977600511624143742e-01 2.376012153869589838e+01 7.021980399823709718e+01
5.473668520557414041e+01 1.579938505788107017e+00 5.673485402837352254e+00 1.579938505788107017e+00 8.089543541815346828e+01 8.285071498129608969e+00 5.673485402837352254e+00 8.285071498129608969e+00 5.881222149526471554e+01
1.190496343578919323e+02 -1.326060984460409742e+01 -1.586989058215444537e+01 -1.326060984460409742e+01 9.527145418355107154e+01 3.082637921565014238e+01 -1.586989058215444537e+01 3.082637921565014238e+01 8.940984198331670996e+01
1.050735951607154846e+02 -4.016701638985620271e+00 -9.376322190919358590e+00 -4.016701638985620271e+00 1.034036996747066439e+02 -1.650410410261079264e+01 -9.376322190919358590e+00 -1.650410410261079264e+01 8.496247070117077271e+01
7.837073249275941578e+01 -1.668930117454412354e+01 8.265812155327413535e+00 -1.668930117454412354e+01 1.145209511870574062e+02 -1.789533947156641269e-01 8.265812155327413535e+00 -1.789533947156641269e-01 9.761364962104404697e+01
6.966104291554198369e+01 1.763166417983560219e+00 -6.544958657565135951e+00 1.763166417983560219e+00 1.326440888204961652e+02 1.256933872003551045e+01 -6.544958657565135951e+00 1.256933872003551045e+01 9.066679026380614914e+01
5.784507589424772078e+01 -9.207310651465675733e+00 5.339784869696064806e-01 -9.207310651465675733e+00 1.090487043037741728e+02 3.005946354017517752e+00 5.339784869696064806e-01 3.005946354017517752e+00 6.930861135074768242e+01
1.108782458134101887e+02 1.211100478397228386e+01 -2.232546859893432867e+01 1.211100478397228386e+01 1.089818969575451035e+02 -6.812043957622519130e+00 -2.232546859893432867e+01 -6.812043957622519130e+00 1.129346729474790436e+02
1.200418987526384598e+02 8.574393894739152699e+00 2.325966679555654792e+01 8.574393894739152699e+00 9.086308186987241697e+01 2.627435429767880137e+00 2.325966679555654792e+01 2.627435429767880137e+00 9.018919698494072179e+01
1.401761248178885637e+02 -9.448124478922557135e-01 1.019726968847031046e+01 -9.448124478922557135e-01 1.105788374766797801e+02 -1.689145223153774822e+01 1.019726968847031046e+01 -1.689145223153774822e+01 1.213080204358092402e+02
1.133800392462440385e+02 -1.063240596225558043e+01 -1.164013546518742892e+01 -1.063240596225558043e+01 7.639494485137105073e+01 -9.763670319846312617e-01 -1.164013546518742892e+01 -9.763670319846312617e-01 7.875755231053717864e+01
9.682118289726291493e+01 -5.687653747292832129e+00 -4.031974634025766058e+00 -5.687653747292832129e+00 8.711077594691195713e+01 -7.245066986811040666e-01 -4.031974634025766058e+00 -7.245066986811040666e-01 7.572019545728615242e+01
9.603303871924788382e+01 1.086774456507542830e+01 -1.022551032080869149e+01 1.086774456507542830e+01 9.597319547453082578e+01 -7.231042727214427757e+00 -1.022551032080869149e+01 -7.231042727214427757e+00 9.003632294968041094e+01
1.027155023604606043e+02 -7.535590090577827915e+00 -2.688575438214750868e+00 -7.535590090577827915e+00 1.104429174264797524e+02 -2.097491318846614305e+01 -2.688575438214750868e+00 -2.097491318846614305e+01 1.102074827670873418e+02
9.715959020246059197e+01 1.645449088287346540e-01 -1.205125759582781519e+01 1.645449088287346540e-01 8.668659012240075867e+01 -6.025964995917936662e+00 -1.205125759582781519e+01 -6.025964995917936662e+00 6.739492428353200637e+01
8.443819392803169421e+01 1.229812298735720733e+00 7.827409958074439622e+00 1.229812298735720733e+00 9.731971650895069104e+01 1.662787299637951799e+00 7.827409958074439622e+00 1.662787299637951799e+00 8.312048986538570716e+01
9.818614679361803610e+01 -6.869053533448470361e+00 -1.663003426926255557e+01 -6.869053533448470361e+00 1.102237163278532819e+02 1.283138105003246743e+01 -1.663003426926255557e+01 1.283138105003246743e+01 7.583887335270814845e+01
1.216279848790716613e+02 -7.074134315905766357e+00 6.280274771822242030e+00 -7.074134315905766357e+00 9.017651751736022447e+01 4.587229651821738585e+00 6.280274771822242030e+00 4.587229651821738585e+00 1.118758893762211812e+02
7.960174549865236315e+01 1.329144400440212692e+01 -8.537604227441192961e+00 1.329144400440212692e+01 9.294592456140064485e+01 4.747067788594075743e+00 -8.537604227441192961e+00 4.747067788594075743e+00 8.788460769561264385e+01
1.223012453962815869e+02 6.310916818475112322e+00 1.400653715897043661e+01 6.310916818475112322e+00 1.068864228267226650e+02 1.238010727205383610e+01 1.400653715897043661e+01 1.238010727205383610e+01 8.578135298241124929e+01
9.677800546788841984e+01 -8.855119228102829254e+00 -1.044303042941503712e+01 -8.855119228102829254e+00 8.638132233474301813e+01 -2.072555032604967806e+01 -1.044303042941503712e+01 -2.072555032604967806e+01 9.528821605546619367e+01
6.743550818544684944e+01 8.922454885481080566e+00 -5.348670102659671244e+00 8.922454885481080566e+00 9.063264215225412102e+01 -1.111369741916531417e+01 -5.348670102659671244e+00 -1.111369741916531417e+01 8.753304063997157414e+01
9.410081273352435005e+01 -1.898990411611015672e+00 -1.320917154998775978e+01 -1.898990411611015672e+00 7.539888622200761858e+01 -2.597994090272254475e+00 -1.320917154998775978e+01 -2.597994090272254475e+00 9.565740949217561706e+01
8.794478713833370875e+01 -7.755511613498661916e+00 -2.423392058294442819e+01 -7.755511613498661916e+00 7.449220823342943731e+01 -7.721843784809535371e+00 -2.423392058294442819e+01 -7.721843784809535371e+00 1.062686349801774099e+02
1.022927573845380920e+02 7.559940431726738908e+00 -3.029192044581763721e+00 7.559940431726738908e+00 1.074052724035109918e+02 -1.411959574489654301e+01 -3.029192044581763721e+00 -1.411959574489654301e+01 9.671134220651822488e+01
9.077811983142582619e+01 4.450541149041066902e+00 -3.544007245321754151e-01 4.450541149041066902e+00 9.372835337334720407e+01 1.205125759582781564e+00 -3.544007245321754151e-01 1.205125759582781564e+00 1.003825283539352711e+02
9.330167007794894118e+01 3.482194840866826624e+00 -1.697819131657706038e+01 3.482194840866826624e+00 1.092891339049407406e+02 6.515037035206612259e-01 -1.697819131657706038e+01 6.515037035206612259e-01 7.721046515257125975e+01
9.863684423216119512e+01 7.542842361807582385e-01 8.841479194796535879e+00 7.542842361807582385e-01 9.314610645865640493e+01 3.249766752196138242e+01 8.841479194796535879e+00 3.249766752196138242e+01 9.390562577804274724e+01
1.180845059448990924e+02 3.743036463706540307e+00 -4.827851366133460331e+00 3.743036463706540307e+00 6.706732334274951768e+01 -2.066657159048584935e-01 -4.827851366133460331e+00 -2.066657159048584935e-01 8.411659652303542600e+01
9.738234539427251946e+01 -5.266973987680781732e+00 2.072641483520289540e+01 -5.266973987680781732e+00 7.914115423313351982e+01 8.903051457820014392e+00 2.072641483520289540e+01 8.903051457820014392e+00 8.261412764303270251e+01
1.180327794805650115e+02 1.075958486435087913e+01 8.699891806814308737e+00 1.075958486435087913e+01 1.090808352273020319e+02 2.625322185171130585e+00 8.699891806814308737e+00 2.625322185171130585e+00 1.005094190863128318e+02
1.013796436055970815e+02 -2.823582950975280337e+00 -1.825487922273159214e+01 -2.823582950975280337e+00 8.651705027179788488e+01 -1.276726328783563247e+01 -1.825487922273159214e+01 -1.276726328783563247e+01 8.770286866029218231e+01
1.289813076231798448e+02 4.793463113149988963e+00 -1.035537880693621737e+00 4.793463113149988963e+00 8.261811399079475393e+01 -1.599442792850380712e+01 -1.035537880693621737e+00 -1.599442792850380712e+01 1.009976746447345874e+02
8.288976197804967683e+01 -2.004796726307367827e+00 -2.330956818501161099e+00 -2.004796726307367827e+00 9.257596267211060592e+01 -1.508952698651834545e+01 -2.330956818501161099e+00 -1.508952698651834545e+01 9.966287251216942877e+01
1.253691482396129118e+02 -2.267655537171251012e+00 -2.221980636909684836e+00 -2.267655537171251012e+00 9.739704204987720004e+01 -7.421715023784795306e+00 -2.221980636909684836e+00 -7.421715023784795306e+00 1.057985341139731901e+02
7.146484126372668300e+01 -5.983171792833755553e+00 3.620612361953929437e+00 -5.983171792833755553e+00 6.565759708357234103e+01 4.575414693394455945e+00 3.620612361953929437e+00 4.575414693394455945e+00 6.622308212634801805e+01
1.215194889803430840e+02 1.007407713413706318e+01 -1.008291433881437982e+01 1.007407713413706318e+01 9.705363980290537995e+01 1.180381586486294587e+01 -1.008291433881437982e+01 1.180381586486294587e+01 9.609105688908591958e+01
9.283224160775277767e+01 -4.824969668956074820e+00 -1.824061482170353443e+01 -4.824969668956074820e+00 1.269840513378199631e+02 4.388824801158719424e+00 -1.824061482170353443e+01 4.388824801158719424e+00 1.165464961330419555e+02
1.106629350059731678e+02 1.706517054304782732e+01 -5.106559511472966051e+00 1.706517054304782732e+01 1.218349867929805441e+02 -8.973364868948230821e+00 -5.106559511472966051e+00 -8.973364868948230821e+00 8.933410137583774713e+01
1.171671656767645828e+02 4.394300025795752518e+00 -5.892830586322707731e+00 4.394300025795752518e+00 7.684521003533760108e+01 -3.799805898101042079e+00 -5.892830586322707731e+00 -3.799805898101042079e+00 9.105317782700730334e+01
1.051329581225696472e+02 -3.208769807019195230e+00 -1.516651632944083872e+01 -3.208769807019195230e+00 1.301679905208273453e+02 8.304715067222122826e+00 -1.516651632944083872e+01 8.304715067222122826e+00 1.009875406763274412e+02
1.192760877277481626e+02 -3.572536047377874446e+00 9.227338446848508013e+00 -3.572536047377874446e+00 1.241499501921472302e+02 7.312306587616710374e+00 9.227338446848508013e+00 7.312306587616710374e+00 8.849139706459753540e+01
1.318617080368359211e+02 1.330412347198262424e+01 -8.040703577487285258e+00 1.330412347198262424e+01 7.457899534675503617e+01 1.480928193601756782e+01 -8.040703577487285258e+00 1.480928193601756782e+01 9.989994013329571487e+01
7.315601328056187924e+01 1.060805562110667033e+01 9.714537382971883517e+00 1.060805562110667033e+01 9.954313799444906863e+01 2.383403707129584603e+00 9.714537382971883517e+00 2.383403707129584603e+00 1.008404780637081899e+02
1.155827125120652425e+02 7.446833817514342257e+00 -9.777070211721158088e+00 7.446833817514342257e+00 1.089270006263159161e+02 1.089545688626462194e+01 -9.777070211721158088e+00 1.089545688626462194e+01 1.173095695456137406e+02
1.218111167346945223e+02 7.318214066830352138e+00 1.198800434278419758e+01 7.318214066830352138e+00 1.224333231835784375e+02 1.971272982477111668e+01 1.198800434278419758e+01 1.971272982477111668e+01 1.190022304393239239e+02
9.026950027961720480e+01 -2.266791028018035448e+00 5.326961317256697193e+00 -2.266791028018035448e+00 9.197282345288371630e+01 -8.958956383061302375e+00 5.326961317256697193e+00 -8.958956383061302375e+00 9.147356941690162557e+01
1.068302777600499383e+02 -1.691123988548912882e+00 -1.525546471564948270e+01 -1.691123988548912882e+00 1.250393860259473797e+02 2.671333283436725381e+00 -1.525546471564948270e+01 2.671333283436725381e+00 9.973481888503151538e+01
1.247116890285923176e+02 -8.341072479943475448e-01 1.291413378730973349e+01 -8.341072479943475448e-01 1.237370029866278145e+02 2.938130413776369565e+01 1.291413378730973349e+01 2.938130413776369565e+01 1.171568395952122899e+02
8.070995017650240300e+01 -1.714033481109130674e+00 2.886504808843501380e+01 -1.714033481109130674e+00 9.221757559981635666e+01 1.047919572899123075e+01 2.886504808843501380e+01 1.047919572899123075e+01 8.356652856015874420e+01
9.607213374428775410e+01 -8.261729750992783394e+00 -2.804650200519854764e+01 -8.261729750992783394e+00 9.899796891677392807e+01 -6.679485887462767835e+00 -2.804650200519854764e+01 -6.679485887462767835e+00 7.696652948650555004e+01
1.407812331968532931e+02 7.927548934988599250e+00 -9.804062108616005133e+00 7.927548934988599250e+00 9.850005967280793584e+01 7.315764624229573521e+00 -9.804062108616005133e+00 7.315764624229573521e+00 9.573550348568278423e+01
1.372681081396158902e+02 -8.257983544662181430e+00 2.266262716868848059e+01 -8.257983544662181430e+00 1.095087192298575332e+02 9.027636832455664617e+00 2.266262716868848059e+01 9.027636832455664617e+00 9.813979949734840602e+01
1.048278344197707668e+02 5.953922566483289103e+00 4.109540316383736069e+00 5.953922566483289103e+00 7.980452092336776104e+01 -9.458738730192594701e+00 4.109540316383736069e+00 -9.458738730192594701e+00 8.001099452612746177e+01
9.237102597451216468e+01 -2.709275629605639724e-01 -4.277879459829362352e-01 -2.709275629605639724e-01 8.042639117424762674e+01 -1.284132290529444997e+00 -4.277879459829362352e-01 -1.284132290529444997e+00 8.189192630209352330e+01
7.168788462525635907e+01 1.689442998528771334e+00 -1.232127262134887502e+01 1.689442998528771334e+00 9.076246261009535488e+01 3.111800697000159488e+00 -1.232127262134887502e+01 3.111800697000159488e+00 7.058582756805139979e+01
1.048901751353748750e+02 -4.590303462144283309e+00 -9.606905993396519960e+00 -4.590303462144283309e+00 1.259727197134163816e+02 -2.518747417894142160e+01 -9.606905993396519960e+00 -2.518747417894142160e+01 1.271533510469913750e+02
7.763100082732444207e+01 -5.767236617674973420e-01 -1.642576996767218489e+01 -5.767236617674973420e-01 1.029459901063651870e+02 -1.704427823851177637e+00 -1.642576996767218489e+01 -1.704427823851177637e+00 7.812943838243961636e+01
9.672767182385675255e+01 -2.189129289087485553e-01 1.891613266836907670e+01 -2.189129289087485553e-01 1.272103606228173334e+02 5.728381734066553044e+00 1.891613266836907670e+01 5.728381734066553044e+00 1.038494501997619608e+02
7.929359601381723621e+01 1.634402582440700469e-01 1.719503902917535143e+01 1.634402582440700469e-01 1.000158323881129121e+02 -9.479823147873801759e+00 1.719503902917535143e+01 -9.479823147873801759e+00 1.019013268512765222e+02
1.365847616822850910e+02 -1.228597183092589695e+01 -1.044096521310457604e+01 -1.228597183092589695e+01 1.144387267609293275e+02 1.635315119880206058e+00 -1.044096521310457604e+01 1.635315119880206058e+00 1.272671300572118440e+02
8.550374948765642102e+01 -6.148917408819734476e+00 -4.299588245232335737e+00 -6.148917408819734476e+00 1.177556562686730786e+02 -3.058537327504810666e+00 -4.299588245232335737e+00 -3.058537327504810666e+00 1.014006319667057170e+02
1.119688241101918749e+02 -8.025142412729401542e+00 7.587748809488512158e+00 -8.025142412729401542e+00 9.574616576523909828e+01 -4.227930042088006601e+00 7.587748809488512158e+00 -4.227930042088006601e+00 9.222780562479609046e+01
1.106584203470619343e+02 -5.639289262999039209e+00 -9.745899853919098854e-01 -5.639289262999039209e+00 1.118332882862821691e+02 5.133167182077496449e+00 -9.745899853919098854e-01 5.133167182077496449e+00 8.270941576303161469e+01
9.844290601212313163e+01 9.889552458211786856e+00 -3.121060550596826388e+01 9.889552458211786856e+00 7.665285674874708377e+01 -1.274742760559795940e+01 -3.121060550596826388e+01 -1.274742760559795940e+01 8.262968880779060044e+01
6.652532413196951211e+01 4.138405316443884985e+00 -5.938265345152825780e+00 4.138405316443884985e+00 1.039112145759306003e+02 -1.802021301591980151e+00 -5.938265345152825780e+00 -1.802021301591980151e+00 9.816376561220700125e+01
8.772385702140080355e+01 1.214183894377031336e+01 -1.205716507504145696e+01 1.214183894377031336e+01 1.160893629041359816e+02 -5.630067832031404151e+00 -1.205716507504145696e+01 -5.630067832031404151e+00 1.116020320877969567e+02
7.191174446765293737e+01 -3.209874457603859366e+00 -2.328185586382241823e+01 -3.209874457603859366e+00 9.533398701230035499e+01 -7.106985663727964919e+00 -2.328185586382241823e+01 -7.106985663727964919e+00 9.541750820215824547e+01
1.054227127737557907e+02 -2.308143382513522912e+00 -1.387215401393167369e+01 -2.308143382513522912e+00 1.054086885141591665e+02 5.929956451624696534e+00 -1.387215401393167369e+01 5.929956451624696534e+00 1.172257601860381016e+02
1.286347835375991906e+02 1.859434315022765105e+01 -5.106895709476994227e+00 1.859434315022765105e+01 1.130615636798566186e+02 4.295553869183995843e+00 -5.106895709476994227e+00 4.295553869183995843e+00 1.170646252855359251e+02
8.073665390367951034e+01 4.817093030004552467e+00 8.988733920560955326e+00 4.817093030004552467e+00 8.778917549075488580e+01 1.320729844682245968e+00 8.988733920560955326e+00 1.320729844682245968e+00 8.302472146252391383e+01
1.091884666168773919e+02 -3.673875731449278259e+00 -4.223703552894507496e+00 -3.673875731449278259e+00 1.193159512053686626e+02 3.716140623384271535e+00 -4.223703552894507496e+00 3.716140623384271535e+00 7.631382507582763708e+01
1.276255651577923516e+02 -1.323755626718500888e+00 -1.603409929297915326e+01 -1.323755626718500888e+00 1.156063424289198025e+02 -7.745713843095549223e+00 -1.603409929297915326e+01 -7.745713843095549223e+00 1.300317823009095832e+02
1.040194223049414290e+02 -1.173907373494434303e+00 2.976264873090442631e+00 -1.173907373494434303e+00 6.457042879511722333e+01 -3.951287113058960632e+00 2.976264873090442631e+00 -3.951287113058960632e+00 8.236577337462833270e+01
9.819195821625909559e+01 1.391955793249967321e+00 1.178537300292767753e+01 1.391955793249967321e+00 1.055994088390158367e+02 8.329449634661353130e+00 1.178537300292767753e+01 8.329449634661353130e+00 1.085731762412192012e+02
1.291343257432990299e+02 -6.827845263811851417e+00 -5.488144246045148833e+00 -6.827845263811851417e+00 9.873443770990198232e+01 -3.023966567033437514e+01 -5.488144246045148833e+00 -3.023966567033437514e+01 9.614417617372238567e+01
1.376906129741069265e+02 9.299284819710575078e+00 -5.460912207718851441e+00 9.299284819710575078e+00 1.015533619171071678e+02 -4.461587654887713583e+00 -5.460912207718851441e+00 -4.461587654887713583e+00 1.275709089679945976e+02
1.422958052050010451e+02 8.495723561796517664e-01 2.194172259147910697e+00 8.495723561796517664e-01 6.320940321823785268e+01 7.548653784448643655e+00 2.194172259147910697e+00 7.548653784448643655e+00 1.063927400719501719e+02
1.269191170947561886e+02 5.245313230564097928e+00 -1.070425627854507056e+01 5.245313230564097928e+00 9.301081077617811843e+01 1.471120817541386749e+01 -1.070425627854507056e+01 1.471120817541386749e+01 8.628785928962311402e+01
9.643758097466655954e+01 -1.019654926417596386e+01 -2.324184830134304658e+00 -1.019654926417596386e+01 7.131283173761957528e+01 -1.695854774748454830e+01 -2.324184830134304658e+00 -1.695854774748454830e+01 8.744779043180723477e+01
7.926866933323285025e+01 1.761365357247694163e+01 5.841248206847500235e+00 1.761365357247694163e+01 9.750280033628726528e+01 -1.131046930809448270e+01 5.841248206847500235e+00 -1.131046930809448270e+01 6.176010165115791040e+01
1.026899513121544487e+02 -1.211527930145207321e+01 1.521612954917816474e+01 -1.211527930145207321e+01 1.612630879982687304e+02 -2.109541615876716136e+01 1.521612954917816474e+01 -2.109541615876716136e+01 9.548172202092767691e+01
1.099637872424530656e+02 5.921887699528016746e+00 -2.110214011884772844e+01 5.921887699528016746e+00 1.026623830758241240e+02 6.106172234021843614e+00 -2.110214011884772844e+01 6.106172234021843614e+00 1.107279653056095015e+02
1.197169873958881965e+02 9.602679504203020855e+00 9.953718248694912063e+00 9.602679504203020855e+00 9.052851682757791707e+01 5.796053589448832533e+00 9.953718248694912063e+00 5.796053589448832533e+00 9.312050738206394840e+01
8.252465094567487824e+01 -6.557205870569026374e+00 1.591618985013777987e+01 -6.557205870569026374e+00 1.111516228189715179e+02 -2.504209255634230402e+01 1.591618985013777987e+01 -2.504209255634230402e+01 9.773813893910711670e+01
1.089609566247227690e+02 -6.484923299702930244e+00 1.562360153006053132e+00 -6.484923299702930244e+00 8.619151454732585194e+01 -8.489479884578848612e+00 1.562360153006053132e+00 -8.489479884578848612e+00 1.067305710377123660e+02
6.341491625527175557e+01 8.777985800321467025e+00 -1.938700198715392986e+01 8.777985800321467025e+00 1.141312016438159702e+02 -1.389040476272178459e+01 -1.938700198715392986e+01 -1.389040476272178459e+01 1.079559167058231566e+02
1.159470070635731105e+02 -4.517492580128999791e+00 2.630734973035987068e+01 -4.517492580128999791e+00 9.796670555356010368e+01 -9.063946216890727214e+00 2.630734973035987068e+01 -9.063946216890727214e+00 1.029714450980987692e+02
1.126888161499617524e+02 1.640521386114016522e+01 -6.612966710951443616e+00 1.640521386114016522e+01 8.281229235226427932e+01 4.702641623776043112e+00 -6.612966710951443616e+00 4.702641623776043112e+00 7.972964482504201555e+01
1.092068134222400744e+02 4.409909218839925593e+00 2.767865336050524050e+01 4.409909218839925593e+00 6.379563648069073167e+01 -9.698543963637391130e+00 2.767865336050524050e+01 -9.698543963637391130e+00 9.089506870854140175e+01
6.322342747783446981e+01 -3.841398394027978558e+00 -3.131492294378963148e+00 -3.841398394027978558e+00 7.127666643804337809e+01 1.148111380928201619e+01 -3.131492294378963148e+00 1.148111380928201619e+01 7.051926036325379243e+01
1.252465800530014235e+02 6.017463989244647316e+00 -8.738986831854177240e+00 6.017463989244647316e+00 9.456692725196651850e+01 1.326738183297095475e+01 -8.738986831854177240e+00 1.326738183297095475e+01 9.458277658644213659e+01
8.902912175789774096e+01 1.579722378499803170e+01 -4.014492337816292000e+00 1.579722378499803170e+01 1.252440825821143591e+02 -2.406121086544643184e+00 -4.014492337816292000e+00 -2.406121086544643184e+00 1.059707635486083035e+02
9.155003044867491724e+01 1.242472555001702794e+01 1.189775919284572758e+01 1.242472555001702794e+01 1.075276965052636058e+02 5.145654536512835442e+00 1.189775919284572758e+01 5.145654536512835442e+00 1.123043977464984664e+02
