9.104433117822428301e+01 1.616292675415460955e+00 2.758897079423563437e+00 1.616292675415460955e+00 7.353493847954086959e+01 5.943706171055606724e+00 2.758897079423563437e+00 5.943706171055606724e+00 8.370167793324577588e+01
8.235826772915304161e+01 -1.597861225166147259e+00 3.936569742721807152e-01 -1.597861225166147259e+00 9.218412236087854694e+01 3.609265989347155479e+00 3.936569742721807152e-01 3.609265989347155479e+00 8.288778389328925300e+01
7.971282107639564174e+01 -1.296865941831567959e+01 -1.587641471041067298e+01 -1.296865941831567959e+01 6.144167594043469194e+01 -3.494874588641942381e+01 -1.587641471041067298e+01 -3.494874588641942381e+01 9.981838055032775969e+01
1.191156724270110345e+02 9.556221916104614689e-01 -2.457993953340231030e+01 9.556221916104614689e-01 8.203528081544205008e+01 1.974954146122168552e+01 -2.457993953340231030e+01 1.974954146122168552e+01 1.055326636695958626e+02
9.202769755284160169e+01 2.829567139984747737e+00 -7.636149838290600123e+00 2.829567139984747737e+00 8.041069398741440466e+01 1.100173265381525134e+01 -7.636149838290600123e+00 1.100173265381525134e+01 7.390337346926136775e+01
8.944530586146343865e+01 1.349827259008477043e+01 -1.782064168881457888e+01 1.349827259008477043e+01 8.606560843535312699e+01 8.574650182695778611e+00 -1.782064168881457888e+01 8.574650182695778611e+00 8.303009409074051916e+01
9.524655632361843516e+01 5.075924391028058258e-01 1.402196829624750452e+00 5.075924391028058258e-01 7.427098389410227242e+01 1.727836902095319616e+01 1.402196829624750452e+00 1.727836902095319616e+01 6.776497297899327066e+01
7.019535370963103560e+01 1.673391368135176194e+01 -1.029474102530473978e+01 1.673391368135176194e+01 7.627113577286790758e+01 -8.402267619048251035e+00 -1.029474102530473978e+01 -8.402267619048251035e+00 7.807164594314362205e+01
9.274274081488206889e+01 -2.484074455443009644e+00 -5.190635916921811699e+00 -2.484074455443009644e+00 1.099071258671881992e+02 -1.974832886581054714e+00 -5.190635916921811699e+00 -1.974832886581054714e+00 8.100583581520143639e+01
7.257407787575429836e+01 -4.042938612186924630e+00 -4.076939787515263980e+00 -4.042938612186924630e+00 8.479383836815048880e+01 1.407178171573709591e+01 -4.076939787515263980e+00 1.407178171573709591e+01 7.786846345605314923e+01
8.792281956705369339e+01 -1.798812536700110432e+00 7.617184846060384373e+00 -1.798812536700110432e+00 9.347146215316018925e+01 1.382775901519947226e+01 7.617184846060384373e+00 1.382775901519947226e+01 8.990051417880503948e+01
9.320653430773454318e+01 -1.786832094038056695e+01 1.180141507555323166e+01 -1.786832094038056695e+01 7.197568629226539372e+01 -1.556623280424130584e+01 1.180141507555323166e+01 -1.556623280424130584e+01 8.800139574969550438e+01
6.555164682694937994e+01 -9.129339827567223509e+00 3.135863890456826297e+01 -9.129339827567223509e+00 6.570705305484096925e+01 -4.880939048916898559e-01 3.135863890456826297e+01 -4.880939048916898559e-01 4.873294847445078659e+01
7.656681503792005117e+01 -5.806100843799547384e+00 1.062267532829318561e+01 -5.806100843799547384e+00 1.009400798094478233e+02 -2.321324749741570770e+01 1.062267532829318561e+01 -2.321324749741570770e+01 7.564698866284642520e+01
7.939245336877270631e+01 1.924990364801595177e+01 1.939570612025131169e+01 1.924990364801595177e+01 5.653973473899687008e+01 -3.357385670545352419e+00 1.939570612025131169e+01 -3.357385670545352419e+00 7.539724251196822991e+01
1.346858340403844352e+02 -4.204989862931547862e+00 -1.439559319432766671e+01 -4.204989862931547862e+00 4.876738618412713322e+01 9.569802984709372407e-01 -1.439559319432766671e+01 9.569802984709372407e-01 9.458787449628769650e+01
8.723828520555747446e+01 1.033014881131000173e+01 -4.012235696376884597e-01 1.033014881131000173e+01 1.258765223937250113e+02 5.861686217446161473e-01 -4.012235696376884597e-01 5.861686217446161473e-01 1.178894959472672213e+02
9.357365969441100617e+01 1.824228536517584764e-01 7.288619993458148372e+00 1.824228536517584764e-01 9.217757434565839958e+01 -6.612040257859004289e-01 7.288619993458148372e+00 -6.612040257859004289e-01 7.102675762732441456e+01
9.798357818182503820e+01 1.161967127533171151e+01 3.446487181355849749e+00 1.161967127533171151e+01 7.533491510783568401e+01 -9.414348253001346478e+00 3.446487181355849749e+00 -9.414348253001346478e+00 1.011075149838179073e+02
1.112040694151260851e+02 5.572457959981275799e+00 -6.752167783570233617e+00 5.572457959981275799e+00 1.149278044112847681e+02 3.289140800806446663e+00 -6.752167783570233617e+00 3.289140800806446663e+00 1.069790959798189647e+02
6.516972777625703372e+01 8.102902063946242350e+00 -5.506638281064648588e-01 8.102902063946242350e+00 8.119204196653595318e+01 2.414374471210736672e+01 -5.506638281064648588e-01 2.414374471210736672e+01 8.303145219760099849e+01
1.061489531613531767e+02 1.627215734879001374e+01 -8.069434430598803942e+00 1.627215734879001374e+01 5.622358686340469802e+01 7.499757106445678723e+00 -8.069434430598803942e+00 7.499757106445678723e+00 7.920518013347640363e+01
8.677560730048327287e+01 8.814065020671071338e+00 1.548038104913266011e+01 8.814065020671071338e+00 8.537030622660599022e+01 2.095597688767214706e+01 1.548038104913266011e+01 2.095597688767214706e+01 8.644456875324230793e+01
7.178298062952717373e+01 -4.828748942421474233e+00 -1.009815505725087803e+01 -4.828748942421474233e+00 7.367676363882769408e+01 -9.426668222378518536e+00 -1.009815505725087803e+01 -9.426668222378518536e+00 5.501753946748580404e+01
1.217113056602788248e+02 -5.835979194730013253e-01 4.149355985468488051e+00 -5.835979194730013253e-01 9.262633165541274138e+01 9.929216264570985828e-01 4.149355985468488051e+00 9.929216264570985828e-01 8.936052119031660368e+01
9.089818917927379971e+01 -1.374830976386164316e+01 1.925819780062814246e+01 -1.374830976386164316e+01 7.569908176170895331e+01 -5.671211730264439588e+00 1.925819780062814246e+01 -5.671211730264439588e+00 9.726203540838086781e+01
1.032038499305950978e+02 -8.742473387597421208e+00 -1.936999909753516214e+00 -8.742473387597421208e+00 1.246955514709084838e+02 1.015451649196062078e+01 -1.936999909753516214e+00 1.015451649196062078e+01 8.135676092718507846e+01
9.593395241028493103e+01 -3.077567153470905481e+00 -1.547160185835601354e+01 -3.077567153470905481e+00 1.078657942482602863e+02 1.387204299961427090e+01 -1.547160185835601354e+01 1.387204299961427090e+01 8.658940114914875608e+01
4.138801555009933253e+01 -6.302391893670537648e+00 6.227162474363470146e+00 -6.302391893670537648e+00 1.029840306344638066e+02 -1.791915294001551473e+01 6.227162474363470146e+00 -1.791915294001551473e+01 7.110649790156091399e+01
1.019598725502157777e+02 7.368457275327543243e+00 6.830792470028489438e-01 7.368457275327543243e+00 7.141973554816635783e+01 6.847914317233771975e+00 6.830792470028489438e-01 6.847914317233771975e+00 5.999087828673149403e+01
7.912534285160701586e+01 -7.857957790896153760e+00 -8.995614805626809485e+00 -7.857957790896153760e+00 8.760385847010766724e+01 -2.482604789804709000e+01 -8.995614805626809485e+00 -2.482604789804709000e+01 7.249977002895968781e+01
1.132201305456858620e+02 -4.728055019480487786e+00 -5.038479444732083756e+00 -4.728055019480487786e+00 6.309216380644427602e+01 -1.466352827637295064e+01 -5.038479444732083756e+00 -1.466352827637295064e+01 6.694972083217626846e+01
1.012969708908542685e+02 -1.449657814016732615e+01 4.378051480009312435e+00 -1.449657814016732615e+01 8.899160116243164964e+01 6.695127295430252090e+00 4.378051480009312435e+00 6.695127295430252090e+00 9.557051331365833846e+01
1.131130341189740705e+02 4.274253312815809558e+00 -9.663900388613761994e-01 4.274253312815809558e+00 1.031737775643988471e+02 1.527768360020665561e+01 -9.663900388613761994e-01 1.527768360020665561e+01 6.647632358366757899e+01
8.891055128515111505e+01 2.214684258904358327e-01 -1.435033913358395807e+00 2.214684258904358327e-01 7.004829013816809891e+01 -1.006114664530291414e+01 -1.435033913358395807e+00 -1.006114664530291414e+01 7.820541946890048735e+01
1.053795856248936786e+02 -1.845007571482863540e+01 -4.370048350295794748e+00 -1.845007571482863540e+01 1.099986040650045283e+02 1.220292966808959356e+01 -4.370048350295794748e+00 1.220292966808959356e+01 8.746959990618637448e+01
9.314799020128475604e+01 -6.644052776713075259e-01 -1.520192063891868983e+01 -6.644052776713075259e-01 9.483393435711604980e+01 1.124560984290353671e+00 -1.520192063891868983e+01 1.124560984290353671e+00 7.545607764131669626e+01
5.861710469354384401e+01 -7.746253501622025084e+00 1.538657466812694352e+01 -7.746253501622025084e+00 8.439843525648626610e+01 4.244908503866245297e+00 1.538657466812694352e+01 4.244908503866245297e+00 9.160930363218217565e+01
8.837138286154225852e+01 3.901549987248111862e+00 -7.731265822340346539e+00 3.901549987248111862e+00 1.138273498237678609e+02 2.104347777253994067e+01 -7.731265822340346539e+00 2.104347777253994067e+01 7.620652868936241475e+01
8.767937891231341041e+01 -1.660770675096040927e+00 2.536371270334614181e+01 -1.660770675096040927e+00 1.182420216851935777e+02 2.872754938147875592e+01 2.536371270334614181e+01 2.872754938147875592e+01 9.117873525359492248e+01
9.845377417844832735e+01 -1.912258112984635261e+01 -1.075770995327762947e+01 -1.912258112984635261e+01 7.980012794599765868e+01 -4.068257604371508407e+00 -1.075770995327762947e+01 -4.068257604371508407e+00 9.592619179965363685e+01
6.902156135164844386e+01 -7.648081777136207293e+00 -3.974305711916454875e+00 -7.648081777136207293e+00 9.331789907029354936e+01 1.155622828342091601e+01 -3.974305711916454875e+00 1.155622828342091601e+01 6.912613557990506763e+01
6.865962587333166312e+01 5.840344538210113789e+00 -1.309166509682162527e+00 5.840344538210113789e+00 9.403502799644117260e+01 -1.776723898690801562e+01 -1.309166509682162527e+00 -1.776723898690801562e+01 9.118465271920128146e+01
5.758130569334885962e+01 6.870614103330295208e+00 -1.350346249844444557e+01 6.870614103330295208e+00 5.370589926316490903e+01 -1.056684743556434292e+01 -1.350346249844444557e+01 -1.056684743556434292e+01 5.807657816307450105e+01
5.400060845188814085e+01 -1.212934937854167616e+00 -3.212989808986914664e+00 -1.212934937854167616e+00 1.151047948374946088e+02 2.519026305573681412e+01 -3.212989808986914664e+00 2.519026305573681412e+01 8.396801238934835965e+01
6.594700143479715848e+01 -8.653565892052707653e+00 -3.216273517360279044e+01 -8.653565892052707653e+00 8.449185360696043290e+01 -6.492090319789130426e+00 -3.216273517360279044e+01 -6.492090319789130426e+00 5.522921012245423356e+01
7.795489725695914274e+01 1.138869610141794581e-01 7.893996126515206768e+00 1.138869610141794581e-01 1.230676663833625213e+02 1.254619117707483511e+01 7.893996126515206768e+00 1.254619117707483511e+01 1.186862196362020256e+02
8.952766534178800839e+01 -1.122834248424891790e+01 -8.955841676141448104e+00 -1.122834248424891790e+01 8.625753803702822609e+01 1.387990061787845342e+01 -8.955841676141448104e+00 1.387990061787845342e+01 9.512117395810666665e+01
8.776430909490960630e+01 -6.720979829595735922e+00 -2.635794393284727022e+01 -6.720979829595735922e+00 8.082816633556134889e+01 -2.009581020682655250e+01 -2.635794393284727022e+01 -2.009581020682655250e+01 7.471421176878182280e+01
8.851519667730335073e+01 9.681992312147956525e+00 1.071594816731800126e+00 9.681992312147956525e+00 1.041971595875837551e+02 2.338126471758313674e+00 1.071594816731800126e+00 2.338126471758313674e+00 1.029324710775821785e+02
8.480315110090803898e+01 -2.598397950805199308e+00 -7.787772768499426901e-01 -2.598397950805199308e+00 1.149206743502672765e+02 3.146927610988058954e-01 -7.787772768499426901e-01 3.146927610988058954e-01 9.941308266010865680e+01
6.354266725359065759e+01 3.009467795181336669e+00 -1.065934421352603145e+01 3.009467795181336669e+00 6.345429330002684765e+01 6.668304684935856486e+00 -1.065934421352603145e+01 6.668304684935856486e+00 6.472800351988729517e+01
8.513782743438243017e+01 5.062779856771310705e+00 1.555032355244716058e+00 5.062779856771310705e+00 5.896715673683146264e+01 7.542343457284882646e+00 1.555032355244716058e+00 7.542343457284882646e+00 9.179415167665621311e+01
7.715599089628429397e+01 -1.009994969845936508e+00 1.112730903459281073e+01 -1.009994969845936508e+00 1.053557217472024519e+02 3.802456690249829130e+00 1.112730903459281073e+01 3.802456690249829130e+00 8.375008474205844777e+01
7.057484756950111660e+01 -1.657957453742198606e+00 -6.620964960084988249e+00 -1.657957453742198606e+00 7.844565887175534158e+01 -6.185982734201188826e+00 -6.620964960084988249e+00 -6.185982734201188826e+00 7.928331978177020289e+01
1.091439668192337393e+02 2.766851705320635624e+00 -6.818860531182880713e+00 2.766851705320635624e+00 8.987024779734301205e+01 1.089395717367321326e-01 -6.818860531182880713e+00 1.089395717367321326e-01 9.118455571156839312e+01
5.898820739316883532e+01 2.508859905646691590e+00 4.749348194900089304e+00 2.508859905646691590e+00 9.125197601642773293e+01 -7.937310034601093633e+00 4.749348194900089304e+00 -7.937310034601093633e+00 8.568339836176210156e+01
5.425748466378384194e+01 3.068011901631130023e+00 1.046057557373211644e+01 3.068011901631130023e+00 8.923470229045680924e+01 8.267572520778925238e+00 1.046057557373211644e+01 8.267572520778925238e+00 6.792978894727528427e+01
4.223270951349880420e+01 4.219589511681661520e+00 4.009956017003942996e+00 4.219589511681661520e+00 5.917451055213624045e+01 -7.170998238577660722e+00 4.009956017003942996e+00 -7.170998238577660722e+00 6.860792080500068835e+01
8.258783629238989477e+01 -3.200281809078177719e+00 1.229862769793668775e+01 -3.200281809078177719e+00 7.669394354082388077e+01 3.999285177385919265e+00 1.229862769793668775e+01 3.999285177385919265e+00 8.679462079652992657e+01
8.681484688798772709e+01 -4.046091360255887004e+00 2.101583059716596935e+01 -4.046091360255887004e+00 7.792036253964990067e+01 1.620730774620229653e+01 2.101583059716596935e+01 1.620730774620229653e+01 8.272917641351226337e+01
9.826887763015784572e+01 -1.472241190953786294e+01 7.426031305448425712e+00 -1.472241190953786294e+01 9.927809653894064468e+01 1.995902944445006710e+01 7.426031305448425712e+00 1.995902944445006710e+01 8.497572767982136099e+01
9.003055291069559019e+01 -7.671848647194533521e-01 4.739210897262966071e+00 -7.671848647194533521e-01 8.970853607331349622e+01 -1.701683644267872708e+01 4.739210897262966071e+00 -1.701683644267872708e+01 9.055497617410500766e+01
1.021578651289465540e+02 1.047090688663502256e+01 1.873217391127602327e-01 1.047090688663502256e+01 1.175199938735849230e+02 -5.766812752478642778e+00 1.873217391127602327e-01 -5.766812752478642778e+00 1.090467651710768138e+02
1.271140487665170866e+02 4.024410154304719711e+00 -8.580858671200809695e+00 4.024410154304719711e+00 1.154877809721487836e+02 4.429562533074499875e+00 -8.580858671200809695e+00 4.429562533074499875e+00 8.687571917762690532e+01
1.175589424381907122e+02 -1.398292272400882474e+01 9.977283546668537895e+00 -1.398292272400882474e+01 1.003605562105562541e+02 -1.353756068140567592e+01 9.977283546668537895e+00 -1.353756068140567592e+01 9.697469879975736262e+01
5.802986898783741765e+01 5.817693255930036500e+00 9.777350815279930885e+00 5.817693255930036500e+00 6.129179914761790826e+01 -1.083284236495180508e+01 9.777350815279930885e+00 -1.083284236495180508e+01 7.246853357116874861e+01
5.511304348206710557e+01 -9.497726313471266835e+00 -7.583717212712947742e+00 -9.497726313471266835e+00 1.029803928482303945e+02 6.486463877081444451e+00 -7.583717212712947742e+00 6.486463877081444451e+00 6.643267014886657762e+01
8.718856879370078161e+01 7.561890495312443505e+00 -1.565591636084914917e+01 7.561890495312443505e+00 1.033238483724814074e+02 -1.981909593400462199e+01 -1.565591636084914917e+01 -1.981909593400462199e+01 7.214593468798932463e+01
1.039048755896828027e+02 -2.919493215674819009e+00 3.860806781433840040e+00 -2.919493215674819009e+00 9.314653508679137417e+01 -9.880227409960967933e+00 3.860806781433840040e+00 -9.880227409960967933e+00 6.852643439337214204e+01
1.013689990582759322e+02 -7.996145163949560875e+00 -1.032452236860231576e+00 -7.996145163949560875e+00 1.180042559769774186e+02 -1.432075180555216543e+00 -1.032452236860231576e+00 -1.432075180555216543e+00 1.052976141751006764e+02
9.045326367101866083e+01 1.632686965374060772e+00 -8.743782990641453257e-01 1.632686965374060772e+00 8.499255850412797031e+01 -6.763372165169158068e-01 -8.743782990641453257e-01 -6.763372165169158068e-01 6.103599001968401438e+01
6.390023738842733536e+01 -6.511637357816691285e+00 -8.817023753474250825e+00 -6.511637357816691285e+00 1.172149048681423409e+02 3.152728667434948306e+01 -8.817023753474250825e+00 3.152728667434948306e+01 8.300952847256760947e+01
1.131740034162461370e+02 1.857676768338444262e+01 -4.705743263915529440e+00 1.857676768338444262e+01 1.173913617523713100e+02 2.392300384346361852e+01 -4.705743263915529440e+00 2.392300384346361852e+01 1.019630738021011780e+02
1.052230153054074009e+02 3.140379595767908150e+00 1.819678878534990929e+01 3.140379595767908150e+00 1.020117716338125291e+02 -2.224525683261163067e+01 1.819678878534990929e+01 -2.224525683261163067e+01 8.427441099783497691e+01
1.016387287815296929e+02 7.333728542752520951e+00 -9.671321472529932350e+00 7.333728542752520951e+00 5.264390820208933519e+01 -1.578842878737842348e+01 -9.671321472529932350e+00 -1.578842878737842348e+01 9.729734618675323077e+01
1.108032338760199593e+02 -5.166966054496377581e+00 -4.423208533120130959e+00 -5.166966054496377581e+00 8.350198772093939681e+01 -2.466482121218204426e+01 -4.423208533120130959e+00 -2.466482121218204426e+01 9.003239605572052540e+01
2.879055583904154503e+01 -1.688272339020674639e+00 1.571033764290106838e+01 -1.688272339020674639e+00 9.118111194060075775e+01 -9.267915231152194622e+00 1.571033764290106838e+01 -9.267915231152194622e+00 6.514382673827509507e+01
1.126698547481109642e+02 6.722628959354885747e-02 2.146914726566619436e+01 6.722628959354885747e-02 1.125233732224453718e+02 -1.893288270372775983e+01 2.146914726566619436e+01 -1.893288270372775983e+01 9.653399312353298001e+01
9.338226363471680713e+01 -1.940841412016004952e+01 -3.943942322821532898e+00 -1.940841412016004952e+01 1.122605795449433117e+02 8.632369724265997135e+00 -3.943942322821532898e+00 8.632369724265997135e+00 8.751596955470832029e+01
7.435533203090110987e+01 -1.261390250483284126e+00 -5.344101992155570358e+00 -1.261390250483284126e+00 9.279192368475787589e+01 -1.687045192464601939e+01 -5.344101992155570358e+00 -1.687045192464601939e+01 7.644109314569315927e+01
8.744127367738215639e+01 2.896017368515167334e+00 -1.423684020310134279e+01 2.896017368515167334e+00 7.378526667621642332e+01 -5.059918131601022218e+00 -1.423684020310134279e+01 -5.059918131601022218e+00 7.386520096571869942e+01
1.023738041197621982e+02 -6.722095417373984638e+00 -8.307248642631395175e-01 -6.722095417373984638e+00 7.949203170393545292e+01 3.177193992450089599e+00 -8.307248642631395175e-01 3.177193992450089599e+00 7.737081429932169385e+01
1.028286729103886614e+02 5.282987183434162404e+00 -3.070388588636962623e+00 5.282987183434162404e+00 8.951602442584106711e+01 -9.131134468775709223e+00 -3.070388588636962623e+00 -9.131134468775709223e+00 9.665952100049409523e+01
6.946566229502400347e+01 -4.039591848852181144e+00 7.733108967365278197e+00 -4.039591848852181144e+00 9.804784573861540764e+01 -1.206338418817571068e+01 7.733108967365278197e+00 -1.206338418817571068e+01 7.793636879907695914e+01
7.993681170074124509e+01 -2.329735311513231544e+00 2.464284898333220042e+01 -2.329735311513231544e+00 9.446884613073028447e+01 -9.131813522205947109e-01 2.464284898333220042e+01 -9.131813522205947109e-01 8.215406666191724128e+01
6.271179687787817869e+01 -1.109282282110001638e+01 7.313647962744057374e+00 -1.109282282110001638e+01 6.968494804917439467e+01 2.107267707004017154e+01 7.313647962744057374e+00 2.107267707004017154e+01 4.760431316957900094e+01
4.087450564539017250e+01 1.391555092296593976e+01 4.276484488372306103e+00 1.391555092296593976e+01 8.662461491988823070e+01 -7.362394298271848214e-01 4.276484488372306103e+00 -7.362394298271848214e-01 4.874502592474572538e+01
5.003008603765444207e+01 -5.159835993478880667e+00 -1.921813364824410897e+01 -5.159835993478880667e+00 7.015286436642472268e+01 -1.747330585924791180e+01 -1.921813364824410897e+01 -1.747330585924791180e+01 6.565040059723254728e+01
9.879936387062294045e+01 2.648114362661900145e+00 1.519285042524336937e+00 2.648114362661900145e+00 1.083874527941323009e+02 -9.391842482170604356e+00 1.519285042524336937e+00 -9.391842482170604356e+00 1.022887769295331140e+02
8.687533114709533777e+01 4.164392168566612540e+00 -1.725402010509752415e+01 4.164392168566612540e+00 6.989312642935874464e+01 2.238596640412020555e+00 -1.725402010509752415e+01 2.238596640412020555e+00 8.309450715898023532e+01
6.287753441867265991e+01 -7.987754003704478301e+00 3.485726768860309299e+00 -7.987754003704478301e+00 4.875341708499080795e+01 2.129429100737994318e+01 3.485726768860309299e+00 2.129429100737994318e+01 5.940829894740384987e+01
6.320445014151575691e+01 6.970483461391707714e-01 -6.812652042677848740e+00 6.970483461391707714e-01 9.098030614051613441e+01 -1.892618917705827242e-01 -6.812652042677848740e+00 -1.892618917705827242e-01 6.730758198991162544e+01
8.230108172956373380e+01 -2.853479521492409354e+00 1.454163818564525457e+01 -2.853479521492409354e+00 8.540367685232054384e+01 1.132927892627213140e+01 1.454163818564525457e+01 1.132927892627213140e+01 7.144723721209099665e+01
6.236708025439957481e+01 -4.287979892869904219e+00 -2.359953189158816578e+00 -4.287979892869904219e+00 9.701675160861566383e+01 -1.789388245164737512e+01 -2.359953189158816578e+00 -1.789388245164737512e+01 9.177382857756553847e+01
8.709869122182715273e+01 4.681151828977629492e+00 -2.235225625169053743e+01 4.681151828977629492e+00 1.007489262688358593e+02 3.877589101924004300e+00 -2.235225625169053743e+01 3.877589101924004300e+00 7.484953741666494409e+01
9.510739887423611094e+01 1.232588684277909330e+01 8.349834993470597766e+00 1.232588684277909330e+01 7.147692154775567985e+01 6.707495768623870980e+00 8.349834993470597766e+00 6.707495768623870980e+00 9.608547833286087325e+01
9.006343849824567371e+01 -1.983699384227303497e+01 -8.471046030768057733e+00 -1.983699384227303497e+01 1.169107859390286706e+02 -2.392053014882489492e+01 -8.471046030768057733e+00 -2.392053014882489492e+01 9.667349009963041340e+01
4.245592407678127245e+01 3.814000598563872302e+00 8.041108201794596511e+00 3.814000598563872302e+00 9.957324226201188822e+01 -2.385975486681860502e+01 8.041108201794596511e+00 -2.385975486681860502e+01 9.598376582977452642e+01
8.477230267364866734e+01 1.076653764787072376e+01 1.009446876720101649e+01 1.076653764787072376e+01 1.027132338272482457e+02 3.109046130344074843e+00 1.009446876720101649e+01 3.109046130344074843e+00 8.607555171772446556e+01
7.566401350241881119e+01 -1.645850901157386303e+01 2.389103982842599283e+00 -1.645850901157386303e+01 1.046400964393646262e+02 -2.702506542423953206e+01 2.389103982842599283e+00 -2.702506542423953206e+01 1.026733151863135305e+02
9.022384061923115439e+01 1.937921482265982043e+00 -1.615657275420023709e+01 1.937921482265982043e+00 1.085942245636397274e+02 -1.449192177378855284e+01 -1.615657275420023709e+01 -1.449192177378855284e+01 1.163777289962919497e+02
1.128004270219824150e+02 1.239941862851056520e+01 -7.131273612908745285e+00 1.239941862851056520e+01 9.279580399007352298e+01 6.433012671358435242e+00 -7.131273612908745285e+00 6.433012671358435242e+00 9.834585318685694233e+01
8.662645806491315170e+01 4.668928867233347546e+00 -1.034174122344049174e+01 4.668928867233347546e+00 9.694923429612343568e+01 -1.165275087814758415e+01 -1.034174122344049174e+01 -1.165275087814758415e+01 8.304823451809116364e+01
9.656828532176000124e+01 -6.965633079747150624e+00 1.662521662869725958e+01 -6.965633079747150624e+00 9.847409727753901620e+01 1.047585427591246976e+01 1.662521662869725958e+01 1.047585427591246976e+01 4.716908842461297269e+01
9.966535100944201986e+01 3.630171134235192998e+00 -4.117488978063753358e+00 3.630171134235192998e+00 9.947075369786242049e+01 -7.126617246529971084e+00 -4.117488978063753358e+00 -7.126617246529971084e+00 7.735049120023100500e+01
7.862512299260393434e+01 -1.389488829716013063e+00 -1.719984134212782934e+01 -1.389488829716013063e+00 6.097191647815942162e+01 5.046725093527829387e+00 -1.719984134212782934e+01 5.046725093527829387e+00 8.267790787952928611e+01
7.730654674253132441e+01 -4.883897781720078157e+00 -3.725384125917830858e+00 -4.883897781720078157e+00 9.595335393686316650e+01 1.403904163963634133e+01 -3.725384125917830858e+00 1.403904163963634133e+01 9.209831910958635603e+01
7.813601050756687982e+01 -6.033001697131886054e+00 1.337289022457299481e+01 -6.033001697131886054e+00 6.439342419404580653e+01 1.815837376272502723e+01 1.337289022457299481e+01 1.815837376272502723e+01 9.167619039506061540e+01
5.803515590382999534e+01 2.071403985124168567e+00 3.176340325280647647e+01 2.071403985124168567e+00 7.406770439937892547e+01 -1.146140332226984171e+01 3.176340325280647647e+01 -1.146140332226984171e+01 6.376908306875854038e+01
7.000599481022756265e+01 -5.780539332532736552e+00 -1.511616589144293599e+01 -5.780539332532736552e+00 7.192252610944105129e+01 1.635451682911457638e+01 -1.511616589144293599e+01 1.635451682911457638e+01 1.014287557601368661e+02
6.697819257242980484e+01 4.059769436493534944e-01 -2.068969093538601101e+01 4.059769436493534944e-01 6.922018447999302282e+01 1.752103361463034137e+00 -2.068969093538601101e+01 1.752103361463034137e+00 7.257150717348268643e+01
9.262366394550822690e+01 -5.282211122371032630e+00 -3.591416584895188890e+00 -5.282211122371032630e+00 6.517608177621140442e+01 3.898930781160051318e+00 -3.591416584895188890e+00 3.898930781160051318e+00 7.729024946020561515e+01
8.424123438738621417e+01 4.081935680609157124e+00 -6.546948136189060463e+00 4.081935680609157124e+00 6.918429165582330143e+01 8.703573326808081490e+00 -6.546948136189060463e+00 8.703573326808081490e+00 8.833311335036671608e+01
1.101442610257905415e+02 -9.094465583542864218e-02 1.216572724087584767e+00 -9.094465583542864218e-02 1.417192754555224781e+02 2.812590804228800589e+00 1.216572724087584767e+00 2.812590804228800589e+00 1.196143886677043042e+02
9.294281905772002972e+01 -7.503055365963977597e-01 -9.045088698401283267e+00 -7.503055365963977597e-01 1.058045275607732378e+02 -1.331483115628765468e+01 -9.045088698401283267e+00 -1.331483115628765468e+01 9.003031039161335514e+01
8.997787776603570364e+01 1.297384932667535473e+01 5.206302649633728130e+00 1.297384932667535473e+01 8.550131503482545270e+01 -1.761420944602226513e+01 5.206302649633728130e+00 -1.761420944602226513e+01 8.660695953070204212e+01
9.555673822978779697e+01 7.231725016767504677e+00 3.091060915206060855e+01 7.231725016767504677e+00 9.908490583803798302e+01 1.349206410157973934e+01 3.091060915206060855e+01 1.349206410157973934e+01 9.898256278533784780e+01
1.035351309969182978e+02 2.613739707946930224e+01 1.302623344843656206e+01 2.613739707946930224e+01 1.330007629532491649e+02 1.390347347267099565e+01 1.302623344843656206e+01 1.390347347267099565e+01 1.039381007039480096e+02
1.314791982313518872e+02 -4.180446931810092970e+00 -2.039473922758055124e+01 -4.180446931810092970e+00 8.568941283500136308e+01 1.374918283255766305e+01 -2.039473922758055124e+01 1.374918283255766305e+01 8.082695374015021628e+01
9.957047754447448540e+01 -1.251674936049237807e+01 7.466095457832459203e+00 -1.251674936049237807e+01 9.135853890115862441e+01 6.587303311471768730e+00 7.466095457832459203e+00 6.587303311471768730e+00 8.302863897624716571e+01
9.970808287173055362e+01 -8.481474351303853965e+00 -6.105902933249566011e+00 -8.481474351303853965e+00 1.061990090999249929e+02 9.055274499854849779e+00 -6.105902933249566011e+00 9.055274499854849779e+00 7.612053142280444717e+01
6.387836216721039051e+01 -1.505388699112683426e+01 2.352629112875536777e+00 -1.505388699112683426e+01 7.364431458562560806e+01 2.114329862678490990e+00 2.352629112875536777e+00 2.114329862678490990e+00 5.272980846101442864e+01
8.124719080583454911e+01 -1.087450714327854229e+01 2.859688009997441327e+00 -1.087450714327854229e+01 1.122567962472605672e+02 1.043123076478255307e+00 2.859688009997441327e+00 1.043123076478255307e+00 9.345021748155704699e+01
4.996615800757918890e+01 2.315960227642691827e+00 1.287902436552428220e+01 2.315960227642691827e+00 5.787955566067262936e+01 -1.484003366441834970e+01 1.287902436552428220e+01 -1.484003366441834970e+01 5.032081791342914556e+01
9.749024586475722742e+01 3.532678463179613537e+00 2.141060315921640012e+01 3.532678463179613537e+00 6.815465264031691106e+01 -2.110789084077965061e+00 2.141060315921640012e+01 -2.110789084077965061e+00 6.580643737473792498e+01
9.496761087523999834e+01 1.345248498736015996e+01 -7.820803867498853812e+00 1.345248498736015996e+01 9.820514361534837633e+01 -9.902878692241046110e+00 -7.820803867498853812e+00 -9.902878692241046110e+00 1.161926869365521213e+02
9.725602093514162050e+01 -3.016937382913952970e+00 4.212313939214827663e+00 -3.016937382913952970e+00 7.015558058014568132e+01 -1.395120122805342966e+01 4.212313939214827663e+00 -1.395120122805342966e+01 9.141252364886254611e+01
5.755166986150062769e+01 -3.184615076366260844e+00 8.716184319083927434e+00 -3.184615076366260844e+00 4.037743853445605424e+01 -1.897915534461682796e+01 8.716184319083927434e+00 -1.897915534461682796e+01 5.709127163579935171e+01
1.380480700925743349e+02 -4.661168256602057802e+00 1.118299141587231738e+01 -4.661168256602057802e+00 1.046917530038791568e+02 2.244761475482251356e+01 1.118299141587231738e+01 2.244761475482251356e+01 1.010094402669649867e+02
1.000401399991168745e+02 -3.055255397905947135e+00 -8.173184093975860876e+00 -3.055255397905947135e+00 6.944989855467920847e+01 -1.076319088453597850e+01 -8.173184093975860876e+00 -1.076319088453597850e+01 7.654717099225960908e+01
8.122929289756615390e+01 8.389996153487523145e+00 5.767491805908879776e+00 8.389996153487523145e+00 8.993723156785434014e+01 1.881084710155072415e+01 5.767491805908879776e+00 1.881084710155072415e+01 7.802779849307682980e+01
7.726483346038813238e+01 -2.155461099024327254e+00 -8.050711957450817025e+00 -2.155461099024327254e+00 1.033582860821577611e+02 1.089177450193316332e+01 -8.050711957450817025e+00 1.089177450193316332e+01 8.229438820289423973e+01
8.713996796962231883e+01 1.048332386364508650e+01 5.415984648127893486e+00 1.048332386364508650e+01 6.541947392713522902e+01 1.651273627836000202e+01 5.415984648127893486e+00 1.651273627836000202e+01 8.550606840883713744e+01
1.036960181560682202e+02 -1.700742670228828501e+01 -6.453966320062918705e+00 -1.700742670228828501e+01 7.211348563478723861e+01 -5.288225595610282603e+00 -6.453966320062918705e+00 -5.288225595610282603e+00 9.192516048487568980e+01
1.142481204314330938e+02 3.933562506102183054e+00 1.864379995771221132e+01 3.933562506102183054e+00 9.620033537020395897e+01 1.876986137665422660e+01 1.864379995771221132e+01 1.876986137665422660e+01 1.153548805150879417e+02
6.799512358802745382e+01 -6.797470348130387308e+00 -1.795034089399001331e+01 -6.797470348130387308e+00 7.728957040677538259e+01 -4.577402165600571671e+00 -1.795034089399001331e+01 -4.577402165600571671e+00 8.044881798714060039e+01
