1.221161050408138067e+02 1.353256434936847885e+00 -7.792470728550891401e+00 1.353256434936847885e+00 8.745699083242492122e+01 -1.557362390029824795e+01 -7.792470728550891401e+00 -1.557362390029824795e+01 9.367380086902161906e+01
9.939615731047904035e+01 2.468606413201088756e+00 -6.349244472301915909e-01 2.468606413201088756e+00 9.011314532979885428e+01 3.543679204017458950e+00 -6.349244472301915909e-01 3.543679204017458950e+00 9.349538291470707918e+01
1.076143678964334640e+02 -4.389119718345318333e+00 3.134292740667440569e+01 -4.389119718345318333e+00 9.442931911479702478e+01 2.117143966415712342e+00 3.134292740667440569e+01 2.117143966415712342e+00 1.021446592671490379e+02
1.350535941555628483e+02 -8.305422347205180245e+00 -4.276324572387407486e+00 -8.305422347205180245e+00 1.268784663698773443e+02 -2.282851068068127631e+01 -4.276324572387407486e+00 -2.282851068068127631e+01 1.069968477592456821e+02
1.154680865794505280e+02 -6.794861383251145526e+00 -2.749976092220040691e+00 -6.794861383251145526e+00 1.091704844041597084e+02 5.663105702897748728e+00 -2.749976092220040691e+00 5.663105702897748728e+00 9.140924334760188685e+01
1.272000656835844978e+02 9.096367398941233029e-01 -7.838929774756994817e+00 9.096367398941233029e-01 1.014338406154716239e+02 1.361487817637233100e+01 -7.838929774756994817e+00 1.361487817637233100e+01 1.093012544932761614e+02
1.362582482165037163e+02 -4.349127847455519280e+00 -6.595757978476370020e+00 -4.349127847455519280e+00 1.112162516782976525e+02 -3.592848757525249237e+00 -6.595757978476370020e+00 -3.592848757525249237e+00 1.063447092130117966e+02
9.518973529481934293e+01 -2.299461247023902200e+00 -2.405979428704221768e+00 -2.299461247023902200e+00 9.394575510162417231e+01 -1.683757625255847046e+01 -2.405979428704221768e+00 -1.683757625255847046e+01 1.080736800021701640e+02
7.475403192841129396e+01 -7.760610379566151629e+00 1.227460364482777244e+01 -7.760610379566151629e+00 8.996245063437700651e+01 -3.122314200504372028e+00 1.227460364482777244e+01 -3.122314200504372028e+00 8.917897136591051321e+01
1.129640058075291336e+02 7.344713943416118163e+00 -2.065515935232532385e+01 7.344713943416118163e+00 1.187802313965923275e+02 1.818079905520311002e+01 -2.065515935232532385e+01 1.818079905520311002e+01 1.221084014937458591e+02
9.565679850038367249e+01 -2.815408689537951314e+00 -1.397518543645795042e+01 -2.815408689537951314e+00 1.142393232693525675e+02 -7.767790846277637939e+00 -1.397518543645795042e+01 -7.767790846277637939e+00 1.073051798530024570e+02
1.051060549289006474e+02 5.657351818976624758e-01 -8.342418394235220802e+00 5.657351818976624758e-01 1.021283011178195608e+02 -5.109639132997194189e+00 -8.342418394235220802e+00 -5.109639132997194189e+00 1.341644526550902583e+02
1.124021699519251172e+02 -7.215608200888409485e+00 -1.817209690018190571e+01 -7.215608200888409485e+00 1.447029525968078758e+02 7.506535984602782818e+00 -1.817209690018190571e+01 7.506535984602782818e+00 1.285508969277777283e+02
1.070840595204964245e+02 1.776095573999974253e-01 1.763498847961082916e+01 1.776095573999974253e-01 8.725641329210009189e+01 1.124622766401589979e+00 1.763498847961082916e+01 1.124622766401589979e+00 1.086343745915418850e+02
6.836883756979226234e+01 5.101079636255025918e+00 -7.844493447639404593e+00 5.101079636255025918e+00 9.881786820002619720e+01 1.281194982919724268e+01 -7.844493447639404593e+00 1.281194982919724268e+01 7.430793948986526232e+01
1.308786045140507781e+02 2.762463446911670673e+01 -1.758596158438207269e+01 2.762463446911670673e+01 8.735189923353495089e+01 3.379764841404930831e+00 -1.758596158438207269e+01 3.379764841404930831e+00 1.142848788131247773e+02
1.437137125372115634e+02 -4.813290334679448668e-01 -7.110801918556522772e+00 -4.813290334679448668e-01 1.032532567535389063e+02 -1.016192963782185998e+01 -7.110801918556522772e+00 -1.016192963782185998e+01 9.960025375502007705e+01
8.170049150951817296e+01 7.237054495503509877e+00 -1.158865508646232101e+01 7.237054495503509877e+00 1.337272050298444981e+02 1.623417928499526752e+01 -1.158865508646232101e+01 1.623417928499526752e+01 1.150284137634611454e+02
1.138550969711485550e+02 2.564330118434340111e+00 9.923975628389573700e+00 2.564330118434340111e+00 1.285163736242510026e+02 -8.904254249839228530e-01 9.923975628389573700e+00 -8.904254249839228530e-01 1.270795669905586323e+02
1.113455951846237610e+02 7.028392986033311196e+00 -2.647642553391447606e+00 7.028392986033311196e+00 7.810578819436545928e+01 -3.347856939660514008e+00 -2.647642553391447606e+00 -3.347856939660514008e+00 1.028589968230426877e+02
8.728147359645078041e+01 4.205233196667729878e+00 3.867893919506931510e+00 4.205233196667729878e+00 1.065418629546397256e+02 4.555221507903065792e+00 3.867893919506931510e+00 4.555221507903065792e+00 9.060660031698486705e+01
8.048437723349474027e+01 4.872493520479447504e+00 -2.708129663702771950e+01 4.872493520479447504e+00 1.022111380251798778e+02 1.865637420474993036e+00 -2.708129663702771950e+01 1.865637420474993036e+00 1.014435889312057526e+02
1.088211618315598628e+02 9.763199747915841442e+00 4.482370680075276503e+00 9.763199747915841442e+00 1.480125295649270072e+02 2.031957952727263716e+01 4.482370680075276503e+00 2.031957952727263716e+01 1.178481022013701676e+02
1.053637433335995865e+02 -1.355396309122389953e+00 1.613417583139092892e+00 -1.355396309122389953e+00 8.680071519609897734e+01 -6.806511809372430832e+00 1.613417583139092892e+00 -6.806511809372430832e+00 8.711684594244306368e+01
1.233528572145378064e+02 -8.450030289388150706e+00 4.235143882505640889e+00 -8.450030289388150706e+00 8.637350120314542323e+01 5.068696206913821278e+00 4.235143882505640889e+00 5.068696206913821278e+00 1.177237992875700172e+02
9.247047828535174574e+01 -9.926115502575116878e+00 3.408581813770231506e+00 -9.926115502575116878e+00 1.019245850953559511e+02 7.347424450717804589e+00 3.408581813770231506e+00 7.347424450717804589e+00 1.079105264837124878e+02
1.316669817167641838e+02 3.181517386304371531e+00 4.121397681354157072e+00 3.181517386304371531e+00 8.312426868705854588e+01 -1.155893461166312441e+01 4.121397681354157072e+00 -1.155893461166312441e+01 9.352771879128859212e+01
9.550524785528762095e+01 3.940506983536328001e+00 5.101364952813098874e+00 3.940506983536328001e+00 8.446297397753370717e+01 -6.476067682365045819e+00 5.101364952813098874e+00 -6.476067682365045819e+00 7.323728910569901984e+01
7.065569733550130138e+01 -9.776276756827488867e+00 1.705826861022738328e+01 -9.776276756827488867e+00 1.007162694719198299e+02 1.963624637068951628e+01 1.705826861022738328e+01 1.963624637068951628e+01 8.125530257340604123e+01
1.113997102251381364e+02 -1.146126124328304563e+01 1.656020100535252837e+01 -1.146126124328304563e+01 1.166823462978464931e+02 8.484743803953612939e+00 1.656020100535252837e+01 8.484743803953612939e+00 1.145673897583760095e+02
9.087427480121634460e+01 -1.169179702220545236e+00 -6.685442483230424893e-01 -1.169179702220545236e+00 1.260778205551668378e+02 -1.450977356076605318e+01 -6.685442483230424893e-01 -1.450977356076605318e+01 1.027153874888129650e+02
9.033098452188704641e+01 -1.357013102951466266e+00 -4.671107583240092787e-01 -1.357013102951466266e+00 1.161204628894828090e+02 1.376699945458453866e+00 -4.671107583240092787e-01 1.376699945458453866e+00 8.610706309066559072e+01
1.197964814236861315e+02 -5.079918658197998482e+00 7.483330237879569857e+00 -5.079918658197998482e+00 1.033787484863310198e+02 4.151498578230783387e+00 7.483330237879569857e+00 4.151498578230783387e+00 1.155043217823257038e+02
1.254234945819877396e+02 -5.487445808644578982e+00 2.378375051710728627e+01 -5.487445808644578982e+00 1.100185403202698780e+02 -3.155220710202042422e+00 2.378375051710728627e+01 -3.155220710202042422e+00 1.195846814320771472e+02
1.059595318596142164e+02 2.658199266040122133e+00 1.895443490241611073e+01 2.658199266040122133e+00 1.620416873836202853e+02 1.992189579807955013e+01 1.895443490241611073e+01 1.992189579807955013e+01 1.167147772799473842e+02
1.193738324956617163e+02 1.409701560675481469e+00 -1.991034047747762270e-01 1.409701560675481469e+00 9.120647838033185906e+01 -1.011542303885607730e+00 -1.991034047747762270e-01 -1.011542303885607730e+00 1.290624219636416683e+02
1.257423358356335115e+02 -1.069394991310731591e+01 -1.672325941829084073e+01 -1.069394991310731591e+01 1.239414177210812511e+02 2.269426924010826241e+01 -1.672325941829084073e+01 2.269426924010826241e+01 1.057279499199788688e+02
1.068832442163732139e+02 7.385371552941419004e+00 -1.268574480500993751e+01 7.385371552941419004e+00 1.313188004103966477e+02 -1.387337497798582220e+01 -1.268574480500993751e+01 -1.387337497798582220e+01 9.778126559178990362e+01
6.200661119409805622e+01 2.841134732524135398e+00 2.509787103082854909e+00 2.841134732524135398e+00 8.747491822282378848e+01 -6.959441484499175878e+00 2.509787103082854909e+00 -6.959441484499175878e+00 7.698430391010266760e+01
8.459564617703733802e+01 3.282567000621639419e+00 -2.123468483452981115e+00 3.282567000621639419e+00 1.155882524031586343e+02 -6.321901635486655735e+00 -2.123468483452981115e+00 -6.321901635486655735e+00 9.481715942273662279e+01
9.018314299204592999e+01 -1.664251483235638540e+00 -7.051598732756524379e-01 -1.664251483235638540e+00 8.797122637559053260e+01 3.737742016266291323e+00 -7.051598732756524379e-01 3.737742016266291323e+00 9.796158565649159300e+01
1.199922561352833981e+02 1.603341153363173532e+01 1.964009814422349010e+01 1.603341153363173532e+01 1.226978179499635218e+02 -2.244728020633702581e+00 1.964009814422349010e+01 -2.244728020633702581e+00 1.055378339867833688e+02
1.184379941851846212e+02 1.245354467949877453e+01 -1.536477217978933663e+00 1.245354467949877453e+01 9.824295533551054405e+01 1.462675334957569007e+01 -1.536477217978933663e+00 1.462675334957569007e+01 1.003493048254791944e+02
1.014982746048362685e+02 3.632507759097296507e+00 -7.774971312989123362e+00 3.632507759097296507e+00 1.354345868661087309e+02 -2.098094330888419279e+01 -7.774971312989123362e+00 -2.098094330888419279e+01 1.068531433194965956e+02
1.274116754641547686e+02 -1.196365614928866172e+01 3.458179342115130783e+00 -1.196365614928866172e+01 1.416112148207768939e+02 -1.866621762600342294e+01 3.458179342115130783e+00 -1.866621762600342294e+01 1.198222074666723103e+02
1.360648035901307082e+02 1.048162684114185517e+01 -1.337121783577859979e+01 1.048162684114185517e+01 1.268645334112914895e+02 -1.894088236590767593e+01 -1.337121783577859979e+01 -1.894088236590767593e+01 1.241956347743236506e+02
1.640570208915638943e+02 -9.811275587951021393e+00 -1.537385475688797065e+01 -9.811275587951021393e+00 1.234982735536353147e+02 -3.804739099377631106e+01 -1.537385475688797065e+01 -3.804739099377631106e+01 1.117878834023954795e+02
1.081839072991054138e+02 1.097527203936658680e+01 2.520738503636863115e+01 1.097527203936658680e+01 9.037202255348977076e+01 1.814689393755218560e+01 2.520738503636863115e+01 1.814689393755218560e+01 9.353884613705341167e+01
1.687984114536091056e+02 9.442361278363557986e+00 -9.330374529320186738e+00 9.442361278363557986e+00 1.294674288178252652e+02 -2.030383956381898258e+01 -9.330374529320186738e+00 -2.030383956381898258e+01 1.211307643075111713e+02
1.117635363894399916e+02 -5.392482947566187290e-01 2.565309705283721797e+01 -5.392482947566187290e-01 1.235720278838970074e+02 1.620407838811863854e+01 2.565309705283721797e+01 1.620407838811863854e+01 1.277872471600972659e+02
9.299622159635960372e+01 7.141853870626723833e+00 -1.347179192249908120e+01 7.141853870626723833e+00 9.618667890148358879e+01 1.176455274451388711e+01 -1.347179192249908120e+01 1.176455274451388711e+01 1.112795444014300301e+02
8.734505163614122125e+01 1.488311027700363987e+01 -4.753040988166517877e+00 1.488311027700363987e+01 8.332104200660906201e+01 -2.409545885680125821e+01 -4.753040988166517877e+00 -2.409545885680125821e+01 1.135632656850002888e+02
8.363003983900135552e+01 2.761864282139718796e-01 -1.158965369441557414e+01 2.761864282139718796e-01 1.259555624100328686e+02 -6.564278051569060857e+00 -1.158965369441557414e+01 -6.564278051569060857e+00 5.699207758045829308e+01
8.657512490418315565e+01 7.395405185233626666e-01 -8.164523520277150226e+00 7.395405185233626666e-01 9.187963524634372448e+01 2.132270499269511177e+01 -8.164523520277150226e+00 2.132270499269511177e+01 7.600357579448885303e+01
9.964328900252932897e+01 -3.303109792802843891e+00 -7.580337867624146853e+00 -3.303109792802843891e+00 8.913336826937862156e+01 -4.432725598970699288e+00 -7.580337867624146853e+00 -4.432725598970699288e+00 7.364847781864085619e+01
9.831328586707535067e+01 -6.584820843750266661e+00 4.447752271029172810e+00 -6.584820843750266661e+00 9.616475707927170902e+01 1.653965821317132523e+01 4.447752271029172810e+00 1.653965821317132523e+01 1.034981059131246042e+02
1.151689797210714232e+02 2.477784095819080434e+00 5.992313458153487815e+00 2.477784095819080434e+00 1.226784164240146140e+02 8.854942038052401543e+00 5.992313458153487815e+00 8.854942038052401543e+00 1.135192318295377873e+02
1.225048012984276085e+02 4.638391284581137697e+00 3.489421505224045816e+00 4.638391284581137697e+00 1.057486829231987855e+02 -1.010030126127824524e+01 3.489421505224045816e+00 -1.010030126127824524e+01 1.046757500065679665e+02
1.080964577740562618e+02 4.064619686297771928e+00 -7.269961005201180271e+00 4.064619686297771928e+00 1.256975886887758378e+02 6.363510300205529324e-01 -7.269961005201180271e+00 6.363510300205529324e-01 1.370057300458934151e+02
1.145847940684184181e+02 6.408495210861594238e+00 7.621090582668805347e+00 6.408495210861594238e+00 7.172744143314015730e+01 1.248359802361572335e+01 7.621090582668805347e+00 1.248359802361572335e+01 8.739103515475053996e+01
1.087569180532339175e+02 -9.276021725007415952e+00 9.116577321804687273e+00 -9.276021725007415952e+00 1.213823659589712491e+02 1.166340802467725979e+01 9.116577321804687273e+00 1.166340802467725979e+01 1.059486422776477781e+02
6.907837229695836356e+01 2.219914990633349205e+01 -2.434463531751771992e+00 2.219914990633349205e+01 1.084870085892975311e+02 1.444510180760300244e+00 -2.434463531751771992e+00 1.444510180760300244e+00 9.466965076221323727e+01
1.268436577497925271e+02 -2.360233673893298967e+00 7.106474617425760698e+00 -2.360233673893298967e+00 1.258518022884139214e+02 7.750624300033622127e+00 7.106474617425760698e+00 7.750624300033622127e+00 9.705736993120083866e+01
1.142537317555352132e+02 7.165154722869293558e+00 -1.671993072511333267e+01 7.165154722869293558e+00 1.337214986986830354e+02 -1.795682555711636752e+01 -1.671993072511333267e+01 -1.795682555711636752e+01 1.035132276907024362e+02
1.513290492359592463e+02 9.065933632746855375e-01 1.227046655473572478e+01 9.065933632746855375e-01 1.022479438611712084e+02 -1.223784536159612735e+01 1.227046655473572478e+01 -1.223784536159612735e+01 1.124573311531524240e+02
1.387274252628209581e+02 7.759278902295148939e+00 -1.854381682259041497e+01 7.759278902295148939e+00 1.173061909520715460e+02 3.601027832189987787e+00 -1.854381682259041497e+01 3.601027832189987787e+00 1.256130398820670990e+02
1.098274733318808103e+02 6.975229000712508842e+00 3.434878489872560614e+00 6.975229000712508842e+00 1.632576114486050187e+02 4.138088700001385511e+00 3.434878489872560614e+00 4.138088700001385511e+00 1.232405375961766794e+02
1.031958130198470087e+02 1.168390326409878632e+01 1.770046862968841950e+01 1.168390326409878632e+01 1.243720079599720094e+02 1.454548568328476854e+01 1.770046862968841950e+01 1.454548568328476854e+01 1.030110229957355301e+02
9.369163315390113667e+01 -2.036351827721576857e+00 4.635347907961699931e+00 -2.036351827721576857e+00 1.155609571191030653e+02 2.276964036419902726e+01 4.635347907961699931e+00 2.276964036419902726e+01 1.128239153775156325e+02
7.234876579110225236e+01 1.490303488330902093e+00 -3.158501850619873874e+00 1.490303488330902093e+00 7.714360565502636291e+01 -1.623503523466948195e+01 -3.158501850619873874e+00 -1.623503523466948195e+01 7.020984266075367941e+01
8.741657098669800519e+01 6.599229329932915888e+00 1.693144540016425381e+01 6.599229329932915888e+00 1.338372421157410201e+02 2.203932508105333454e+01 1.693144540016425381e+01 2.203932508105333454e+01 9.286740117038998221e+01
1.021795154399935370e+02 -2.491146421288799040e+00 -3.425891018293283352e+00 -2.491146421288799040e+00 9.600730989197548126e+01 1.991214748234541432e+01 -3.425891018293283352e+00 1.991214748234541432e+01 8.538602059565724289e+01
1.174819935046037642e+02 8.123247724876026865e+00 -7.514287084430413266e-01 8.123247724876026865e+00 1.092053405770041934e+02 7.002334073729375774e+00 -7.514287084430413266e-01 7.002334073729375774e+00 1.036555531004208319e+02
1.009606431039087369e+02 -1.434048573630983148e+00 -5.825213060642486090e-02 -1.434048573630983148e+00 1.186922587911867168e+02 4.801402144759769897e-01 -5.825213060642486090e-02 4.801402144759769897e-01 9.076333421288592262e+01
1.397684978304670551e+02 -1.772462543160520454e+01 -7.306148655316681229e+00 -1.772462543160520454e+01 1.018745120394142560e+02 -1.581671360777583502e+01 -7.306148655316681229e+00 -1.581671360777583502e+01 1.051511824978357481e+02
9.381284513832217442e+01 1.010829012490427115e+00 -8.167281580338515923e+00 1.010829012490427115e+00 1.165856239846599891e+02 4.794269230807962856e+00 -8.167281580338515923e+00 4.794269230807962856e+00 8.827589690685205426e+01
1.166301333677192673e+02 2.194464753653301514e+00 1.451833305750822367e+00 2.194464753653301514e+00 1.131701945734960333e+02 4.727172286901296872e+00 1.451833305750822367e+00 4.727172286901296872e+00 1.245621714459271914e+02
9.787542005595375372e+01 7.857332692752656556e+00 5.975004253630435969e-01 7.857332692752656556e+00 8.936247746551067905e+01 -8.268949380531606108e-01 5.975004253630435969e-01 -8.268949380531606108e-01 8.642633231914847158e+01
1.211391335932146234e+02 1.042832019754201767e+01 -1.451576520848557372e+01 1.042832019754201767e+01 1.032081767373634875e+02 -8.874628880559390254e+00 -1.451576520848557372e+01 -8.874628880559390254e+00 1.156573465629718100e+02
1.453966522550009302e+02 -1.000771603818379063e+01 -3.152985730497142924e+00 -1.000771603818379063e+01 1.056065952772787995e+02 2.473024064575241354e+01 -3.152985730497142924e+00 2.473024064575241354e+01 1.161158502717939882e+02
9.052908931870857145e+01 4.923660289893743602e+00 1.185252534991950712e+00 4.923660289893743602e+00 9.704410271125047416e+01 2.752211071924940189e+00 1.185252534991950712e+00 2.752211071924940189e+00 8.934478783891019305e+01
8.280561764445148754e+01 -5.122858800187876760e+00 -1.664560576173549933e+01 -5.122858800187876760e+00 9.174506093645297256e+01 -9.252815978284202103e+00 -1.664560576173549933e+01 -9.252815978284202103e+00 8.080098350743560331e+01
1.053765825787128421e+02 -2.462091685125104679e+00 7.487895302808727394e+00 -2.462091685125104679e+00 1.223521569398589435e+02 -8.652129518022686483e+00 7.487895302808727394e+00 -8.652129518022686483e+00 8.017133741652975232e+01
7.327100401231122362e+01 8.408326519149918354e+00 4.974494189990288917e-01 8.408326519149918354e+00 8.356218205093983897e+01 -2.622534696281086375e-01 4.974494189990288917e-01 -2.622534696281086375e-01 9.169655712158068184e+01
9.136744447184429418e+01 1.212276768317363818e+01 -2.178905490686426560e+01 1.212276768317363818e+01 1.082143886180594734e+02 -1.653609175619542171e+01 -2.178905490686426560e+01 -1.653609175619542171e+01 1.089702872859123062e+02
1.180597595347001345e+02 6.885924918035883913e+00 3.888198947889743184e+00 6.885924918035883913e+00 9.539064570446190316e+01 6.132213677128264706e+00 3.888198947889743184e+00 6.132213677128264706e+00 1.015765464472674466e+02
1.144837444541011422e+02 4.210559105751745967e+00 -3.393141432702553573e+01 4.210559105751745967e+00 9.765306335169609042e+01 1.212214949729781566e+01 -3.393141432702553573e+01 1.212214949729781566e+01 1.016438336022128226e+02
9.847439461686684581e+01 2.956973255101483122e+00 3.956199394230304200e+00 2.956973255101483122e+00 1.058950978702495433e+02 -8.354544347953291705e+00 3.956199394230304200e+00 -8.354544347953291705e+00 8.867305755568868619e+01
1.082772533663547279e+02 1.739865126400761852e+01 -9.095844318584767052e+00 1.739865126400761852e+01 1.059158308734694742e+02 6.670653574970344835e+00 -9.095844318584767052e+00 6.670653574970344835e+00 1.041186218741721348e+02
1.239096524776158788e+02 1.656015345259284999e+01 -2.540525206939175717e+01 1.656015345259284999e+01 1.131738085832316187e+02 7.519993415591859076e-01 -2.540525206939175717e+01 7.519993415591859076e-01 1.118931652123241633e+02
8.102086746818999075e+01 1.148118584958842803e+01 -3.647914853233199750e+00 1.148118584958842803e+01 9.237147343970066515e+01 -6.277677568985450485e+00 -3.647914853233199750e+00 -6.277677568985450485e+00 7.859643756873042264e+01
9.082643672497955833e+01 9.785644650484195850e+00 -2.265850956482987044e+01 9.785644650484195850e+00 1.264330872227265132e+02 -5.347688247948837237e+00 -2.265850956482987044e+01 -5.347688247948837237e+00 1.083421153305565099e+02
6.716275692606103576e+01 -6.622244865617413545e+00 -1.427300837032573710e+01 -6.622244865617413545e+00 9.156787935389007771e+01 -1.038552271383117315e-01 -1.427300837032573710e+01 -1.038552271383117315e-01 7.045754498592010862e+01
1.058428849401223175e+02 2.212344591292497942e+00 -2.579356790492814078e+00 2.212344591292497942e+00 1.159926410714664371e+02 -2.891350446744857638e+00 -2.579356790492814078e+00 -2.891350446744857638e+00 9.498815914654127823e+01
8.239628348913711875e+01 -6.869138793869298709e+00 -5.900393973694532335e+00 -6.869138793869298709e+00 1.057574801837393466e+02 -8.173368333577391454e+00 -5.900393973694532335e+00 -8.173368333577391454e+00 8.204125458537583881e+01
7.278154345693822336e+01 -1.131089941717895231e+00 -1.249215752035789073e+01 -1.131089941717895231e+00 1.031093621027511205e+02 1.775244379601725342e+01 -1.249215752035789073e+01 1.775244379601725342e+01 7.587451760472082185e+01
6.497580550843696301e+01 7.371866569192663476e+00 6.824153883213234906e+00 7.371866569192663476e+00 1.011215616426615043e+02 -1.340345860684076840e+01 6.824153883213234906e+00 -1.340345860684076840e+01 9.743869551106443794e+01
8.481747980093852846e+01 -7.686523179986715526e+00 8.941250296869267089e+00 -7.686523179986715526e+00 8.009772574454710536e+01 1.442940939690902757e+00 8.941250296869267089e+00 1.442940939690902757e+00 7.114996071960186441e+01
9.253767033477777204e+01 -1.698679681243027373e+00 4.914054632438643822e+00 -1.698679681243027373e+00 1.033012850408144061e+02 -5.858214675859513498e+00 4.914054632438643822e+00 -5.858214675859513498e+00 9.264794518447271798e+01
7.339716148373885574e+01 1.841480618558206217e+00 3.315440223387534502e+01 1.841480618558206217e+00 7.747947079663710213e+01 -4.210844422309818924e+00 3.315440223387534502e+01 -4.210844422309818924e+00 9.139526283625635017e+01
9.626323884456630253e+01 6.683350161804561651e+00 1.489618728591528551e+01 6.683350161804561651e+00 1.268610145070752679e+02 2.029637378054942332e+01 1.489618728591528551e+01 2.029637378054942332e+01 1.044971893939743950e+02
1.077487519952855024e+02 4.480896544525235781e-01 -7.371628805394270234e-01 4.480896544525235781e-01 9.832484118767727921e+01 -1.339209349727755693e+01 -7.371628805394270234e-01 -1.339209349727755693e+01 9.648954242787731062e+01
1.125191497407347612e+02 -1.081064438535887851e+00 -3.273936174739952776e+01 -1.081064438535887851e+00 1.141724165364846186e+02 4.697214048303706591e+00 -3.273936174739952776e+01 4.697214048303706591e+00 9.616813332520888480e+01
1.269493199817986380e+02 3.291031391844450482e+00 1.468462505810468777e+01 3.291031391844450482e+00 1.098609504746946328e+02 1.584448441942820374e+01 1.468462505810468777e+01 1.584448441942820374e+01 1.101611985993060330e+02
1.373236202443456477e+02 7.044560924324073881e+00 8.072080955461731211e-01 7.044560924324073881e+00 8.721936969231038006e+01 -2.471906574722791561e+01 8.072080955461731211e-01 -2.471906574722791561e+01 1.142847837076053992e+02
1.098269502515243516e+02 2.839232622136986794e+00 1.567348469562354651e+01 2.839232622136986794e+00 1.301970783623354748e+02 5.032413451278963556e+00 1.567348469562354651e+01 5.032413451278963556e+00 1.096394021673515056e+02
1.017945758503943381e+02 6.971472332697890906e+00 -2.700844580919993021e+01 6.971472332697890906e+00 1.143557324250460425e+02 1.285907461403884966e+01 -2.700844580919993021e+01 1.285907461403884966e+01 1.173749522425669625e+02
9.200897875266983306e+01 -4.860843094358162197e+00 -1.549273665608475525e+01 -4.860843094358162197e+00 6.144415715261822442e+01 3.190362199604612314e+00 -1.549273665608475525e+01 3.190362199604612314e+00 7.473054086512999561e+01
1.323143174342705208e+02 -1.273558009715322825e+01 -8.849045495852241316e+00 -1.273558009715322825e+01 1.024391059550796399e+02 5.419825784381447242e+00 -8.849045495852241316e+00 5.419825784381447242e+00 7.822219735005894847e+01
1.066830470981258401e+02 4.873206811874627675e+00 -5.396382273859841483e+00 4.873206811874627675e+00 1.077000579693744982e+02 -1.695617283519718299e+01 -5.396382273859841483e+00 -1.695617283519718299e+01 9.308086550858772057e+01
1.106677781481633644e+02 -5.716792768575017503e-01 -7.455702084506237171e+00 -5.716792768575017503e-01 1.064390538882143602e+02 1.311909310396205797e+01 -7.455702084506237171e+00 1.311909310396205797e+01 1.124064021475365109e+02
9.761050363178364364e+01 -8.947574813906536306e+00 3.280593561094972443e+01 -8.947574813906536306e+00 9.859494086265237911e+01 -1.047801283140627504e+01 3.280593561094972443e+01 -1.047801283140627504e+01 1.057304702162418408e+02
1.194155362658999593e+02 -3.929474743290866545e+00 -1.184867357638553109e+01 -3.929474743290866545e+00 1.116369509431752505e+02 2.599067409379641092e+01 -1.184867357638553109e+01 2.599067409379641092e+01 9.777826976793014069e+01
1.034992471793568853e+02 -4.302098168133270839e+00 -4.896460111357519018e+00 -4.302098168133270839e+00 7.846932904210922288e+01 2.281971342014071169e+01 -4.896460111357519018e+00 2.281971342014071169e+01 8.650051462424725912e+01
1.060410372897035245e+02 -1.211772709064769593e+01 6.488288741602476151e+00 -1.211772709064769593e+01 1.015091641868027068e+02 2.186475890027277380e+00 6.488288741602476151e+00 2.186475890027277380e+00 9.194497273814228322e+01
1.240815557038544341e+02 5.991933036076057206e+00 -4.613045663672382446e+00 5.991933036076057206e+00 1.143153125793191407e+02 -6.138490641405854653e+00 -4.613045663672382446e+00 -6.138490641405854653e+00 1.388337532334625735e+02
8.294732486829406071e+01 3.900657770925565870e+00 -1.323293441063290032e+01 3.900657770925565870e+00 8.073103339794823796e+01 5.273601048369400829e-02 -1.323293441063290032e+01 5.273601048369400829e-02 7.513825822661529230e+01
1.022924532442304866e+02 1.389134992114437672e+01 1.093794312301879756e+01 1.389134992114437672e+01 9.234498655255961808e+01 -4.841251357370532915e+00 1.093794312301879756e+01 -4.841251357370532915e+00 8.773013388401945178e+01
1.152776853296969506e+02 -5.049627550282658195e-01 -1.226623435912432036e+01 -5.049627550282658195e-01 1.068886652309766134e+02 2.453070926614052638e+01 -1.226623435912432036e+01 2.453070926614052638e+01 6.649116930111854629e+01
1.077025782656374702e+02 9.222477317609182990e+00 -5.323626551551408959e+00 9.222477317609182990e+00 1.109036398361698019e+02 -5.277975902259843366e+00 -5.323626551551408959e+00 -5.277975902259843366e+00 9.801465453629303681e+01
1.377128395823159224e+02 -2.351008438515628518e-01 3.853951450369132914e+01 -2.351008438515628518e-01 7.556666103856083794e+01 -2.315995341564191534e+01 3.853951450369132914e+01 -2.315995341564191534e+01 9.916300612977430262e+01
1.262568566953572002e+02 1.093960746960755337e+01 3.572638834661795437e-01 1.093960746960755337e+01 1.044344673039581579e+02 1.840106343803491384e+01 3.572638834661795437e-01 1.840106343803491384e+01 1.010082434163471277e+02
1.186100400697022224e+02 1.041472010827390449e+01 -6.555575896547856551e+00 1.041472010827390449e+01 9.913428426292836093e+01 1.254655787743034168e+01 -6.555575896547856551e+00 1.254655787743034168e+01 1.005624838471188554e+02
1.016354167637496886e+02 1.347550103775402164e+01 2.098075309784547571e+01 1.347550103775402164e+01 9.476180801047060243e+01 8.561303747036342671e+00 2.098075309784547571e+01 8.561303747036342671e+00 8.611790511987233288e+01
1.316087295861577502e+02 1.093608856539132823e+01 1.266876846980463434e+01 1.093608856539132823e+01 1.405570652442191601e+02 -8.189488719108476644e+00 1.266876846980463434e+01 -8.189488719108476644e+00 1.078202237930826044e+02
1.362246759681705441e+02 -9.111631834798100016e+00 -3.316224843922233134e+01 -9.111631834798100016e+00 1.279618133408778249e+02 -1.140186784644433260e+01 -3.316224843922233134e+01 -1.140186784644433260e+01 1.237170162481574067e+02
1.190085797485695167e+02 4.220307421485882671e+00 -2.353623840297957681e+00 4.220307421485882671e+00 1.052001142875451478e+02 -2.210808637154875456e+01 -2.353623840297957681e+00 -2.210808637154875456e+01 1.228254971097008621e+02
9.511545788420119152e+01 -1.382548934898935711e+00 2.254309901708963082e+01 -1.382548934898935711e+00 9.584268223796776454e+01 -2.179010106757719445e+00 2.254309901708963082e+01 -2.179010106757719445e+00 8.194277282008121688e+01
9.028343176220832333e+01 1.260623659082712456e-01 -6.970378619225280126e+00 1.260623659082712456e-01 1.383264603932100556e+02 -1.532701528860443574e+01 -6.970378619225280126e+00 -1.532701528860443574e+01 8.596064814361480444e+01
9.173402869620750266e+01 -7.541677474005352266e+00 -1.873526423305691679e+01 -7.541677474005352266e+00 1.133766686560209962e+02 5.469042890648916355e-01 -1.873526423305691679e+01 5.469042890648916355e-01 8.790764833590007754e+01
1.304546241087553824e+02 2.431943235488799981e+00 -1.279483083571290614e+01 2.431943235488799981e+00 1.369205630533088538e+02 7.656992916226234236e+00 -1.279483083571290614e+01 7.656992916226234236e+00 1.221759264124896447e+02
