6.678461384099557563e+01 5.138203291344159318e+00 7.596764739336802741e+00 5.138203291344159318e+00 8.009134485993682517e+01 7.397802084277107504e+00 7.596764739336802741e+00 7.397802084277107504e+00 8.037261849150463888e+01
8.513918554124289528e+01 -4.190050687466314372e+00 1.296865941831567959e+01 -4.190050687466314372e+00 8.775024298814038559e+01 3.831267957218492448e+00 1.296865941831567959e+01 3.831267957218492448e+00 7.257873424213306635e+01
6.736113020326752121e+01 7.569020556329941751e-01 1.329082176714710251e+01 7.569020556329941751e-01 1.177191990477268604e+02 -9.972239149758198806e+00 1.329082176714710251e+01 -9.972239149758198806e+00 1.065625937080009322e+02
1.055161723720043767e+02 -1.056539232107097526e+01 5.578811959935643827e+00 -1.056539232107097526e+01 5.898146536268290419e+01 1.118604715630838875e+01 5.578811959935643827e+00 1.118604715630838875e+01 7.560323822041253550e+01
7.689348824168092733e+01 2.824328727808626649e+00 -6.047698353514891600e+00 2.824328727808626649e+00 1.032836872124644856e+02 -2.582871879160974871e+01 -6.047698353514891600e+00 -2.582871879160974871e+01 8.797214794837883289e+01
5.341642848661779652e+01 1.217586453851297001e+01 -7.164741246256182805e+00 1.217586453851297001e+01 9.072614614234139196e+01 -1.693307035167724095e+01 -7.164741246256182805e+00 -1.693307035167724095e+01 5.958606543467683281e+01
7.485322370671480030e+01 -7.119972223676929168e+00 -2.554783319057349544e+01 -7.119972223676929168e+00 9.202148906433657771e+01 -8.197241986932860769e+00 -2.554783319057349544e+01 -8.197241986932860769e+00 6.970842389633405389e+01
8.920230174107116738e+01 6.044691116895266170e+00 -1.369408249707550596e+00 6.044691116895266170e+00 9.439812756635265600e+01 4.645792546788814370e+00 -1.369408249707550596e+00 4.645792546788814370e+00 1.097763595780509718e+02
7.848242476462107220e+01 -5.536419624362222791e+00 1.700728119083894896e+01 -5.536419624362222791e+00 7.335765703043234964e+01 3.652531393616596844e+00 1.700728119083894896e+01 3.652531393616596844e+00 6.359616696313010920e+01
8.579452060523887269e+01 2.079698137736359698e+00 -1.513251167758508942e+01 2.079698137736359698e+00 8.502893636646214759e+01 4.004620597194930909e+00 -1.513251167758508942e+01 4.004620597194930909e+00 9.218649904788436800e+01
6.297876188359455085e+01 -1.663089157522139061e+01 -3.004471902087443969e+00 -1.663089157522139061e+01 4.881807267231274494e+01 -8.591335495553050094e+00 -3.004471902087443969e+00 -8.591335495553050094e+00 5.903210334705207174e+01
1.096819711512479074e+02 -9.733503365213142189e+00 6.390620335785014205e+00 -9.733503365213142189e+00 9.404865756886238159e+01 2.303111566666262533e+01 6.390620335785014205e+00 2.303111566666262533e+01 9.884359935122131446e+01
8.768258016419882495e+01 -4.866193888717448068e+00 -5.737128416813957799e+00 -4.866193888717448068e+00 6.765831308662947663e+01 -3.039409201073181777e+01 -5.737128416813957799e+00 -3.039409201073181777e+01 8.180348107664870838e+01
9.593230328052578670e+01 4.081014108096691295e+00 1.127291749156238865e+01 4.081014108096691295e+00 8.120455595117891789e+01 -3.095174038840644570e+00 1.127291749156238865e+01 -3.095174038840644570e+00 9.082315377523251243e+01
7.890906433407624831e+01 5.671405745530221587e+00 8.151696903290478247e+00 5.671405745530221587e+00 1.086295353420121046e+02 3.021739260742064115e+00 8.151696903290478247e+00 3.021739260742064115e+00 9.155963572414192697e+01
8.703626681006171850e+01 3.699871118467465525e+00 2.742017751300508177e+00 3.699871118467465525e+00 7.439942200005012296e+01 -6.623875189071721792e+00 2.742017751300508177e+00 -6.623875189071721792e+00 8.837603922792102651e+01
8.023525568333080571e+01 -6.815028729683681341e+00 1.904351990904008574e+01 -6.815028729683681341e+00 9.711380774532322846e+01 -6.915286118276658733e+00 1.904351990904008574e+01 -6.915286118276658733e+00 8.706342894727121973e+01
5.946194416839264107e+01 1.331939051503353788e+01 -2.161558028751534621e+01 1.331939051503353788e+01 1.023713789289399188e+02 1.180990324343120434e+01 -2.161558028751534621e+01 1.180990324343120434e+01 8.514781922057021291e+01
8.505663204565254887e+01 8.945267844156317594e+00 -1.656817614055727717e+01 8.945267844156317594e+00 1.245411153193457920e+02 -7.301327993366885316e+00 -1.656817614055727717e+01 -7.301327993366885316e+00 9.464156822109293898e+01
7.864272987797366454e+01 -4.190487221814324315e+00 -7.931877607159190546e+00 -4.190487221814324315e+00 9.905148670850698522e+01 7.424527687138612997e+00 -7.931877607159190546e+00 7.424527687138612997e+00 9.459287038938158787e+01
6.496974654105197544e+01 5.348903869983680615e+00 -6.058660216031587886e+00 5.348903869983680615e+00 8.898359803271813462e+01 1.219041568344663951e+01 -6.058660216031587886e+00 1.219041568344663951e+01 6.116370056838518110e+01
7.916031410326426965e+01 -1.605781898391707685e+01 5.445814495241912745e+00 -1.605781898391707685e+01 7.414783270414699246e+01 -1.389605238875482307e+01 5.445814495241912745e+00 -1.389605238875482307e+01 5.904345324010033380e+01
7.611311033888827637e+01 1.282605819796572888e+01 -1.374006411506589842e+01 1.282605819796572888e+01 7.561361803713187157e+01 5.291766374210808976e-01 -1.374006411506589842e+01 5.291766374210808976e-01 7.136550828138022950e+01
7.741674741349564215e+01 -1.251330558952474448e+01 5.671211730264439588e+00 -1.251330558952474448e+01 1.136746113057807719e+02 1.936708886854842859e+01 5.671211730264439588e+00 1.936708886854842859e+01 5.572841140131195203e+01
9.801403857855285651e+01 -6.277169909118844870e+00 -1.151635814630266452e+01 -6.277169909118844870e+00 1.069725964684152473e+02 -5.463615395877434722e+00 -1.151635814630266452e+01 -5.463615395877434722e+00 1.009086978402075374e+02
4.868900401675110601e+01 1.876709665911682867e+00 1.095453844041372093e+01 1.876709665911682867e+00 9.506777125620008917e+01 9.127254163460065683e+00 1.095453844041372093e+01 9.127254163460065683e+00 6.562755529968669066e+01
7.316587294020659726e+01 -1.083963289925418394e+01 -5.245493733321742624e+00 -1.083963289925418394e+01 3.220076216569611205e+01 -5.932744308538909550e+00 -5.245493733321742624e+00 -5.932744308538909550e+00 6.174293314437807823e+01
6.316166977541077188e+01 2.102106900934209044e+00 1.057713024465080309e+01 2.102106900934209044e+00 7.507886346081956219e+01 7.658995135836459411e+00 1.057713024465080309e+01 7.658995135836459411e+00 5.260326200390795037e+01
8.671100021697778004e+01 1.109670312641566348e+00 -1.108986408829683690e+01 1.109670312641566348e+00 9.747399708624797654e+01 3.907030918506460004e+00 -1.108986408829683690e+01 3.907030918506460004e+00 8.852416988334576331e+01
1.137817077324925918e+02 -2.015236565680207814e+00 4.859112331516395877e-01 -2.015236565680207814e+00 1.463099191630126654e+02 -2.528358439857807483e+01 4.859112331516395877e-01 -2.528358439857807483e+01 1.100489025226585795e+02
7.823689844577364738e+01 -6.947686667662292592e+00 -5.283860252130181401e+00 -6.947686667662292592e+00 1.459920736538449262e+02 -1.898449076442583561e+01 -5.283860252130181401e+00 -1.898449076442583561e+01 9.028670156534461455e+01
9.121491910066332309e+01 -2.736342804776377591e+00 1.261923792464185290e+00 -2.736342804776377591e+00 8.270298435263165970e+01 1.929156842634268898e+01 1.261923792464185290e+00 1.929156842634268898e+01 8.008761006607051058e+01
1.128181794188014919e+02 -2.315766212376909383e+00 2.196170352167087358e+01 -2.315766212376909383e+00 9.597867292904773251e+01 3.988371818685668035e+00 2.196170352167087358e+01 3.988371818685668035e+00 8.162993442140648881e+01
6.481084803837632080e+01 -1.821803345695306664e+00 -2.204246237605273606e+01 -1.821803345695306664e+00 7.744740182548923713e+01 2.592267068406479780e+01 -2.204246237605273606e+01 2.592267068406479780e+01 7.050534160053462074e+01
6.284232064793319239e+01 -6.346045328471542568e+00 1.275776482441037629e+01 -6.346045328471542568e+00 7.002937364975433354e+01 -1.619125298295881521e+01 1.275776482441037629e+01 -1.619125298295881521e+01 6.425591587442264085e+01
5.574281703479628192e+01 -1.243152815499752784e+01 -8.753968792095019325e+00 -1.243152815499752784e+01 1.322042817833965955e+02 8.717057387779947319e+00 -8.753968792095019325e+00 8.717057387779947319e+00 1.070501540709117165e+02
8.600672480218821647e+01 3.086879886228453440e+00 -5.278621839954061201e+00 3.086879886228453440e+00 1.030445633973878756e+02 9.022049385589641091e+00 -5.278621839954061201e+00 9.022049385589641091e+00 7.771897469376793310e+01
8.499614778654492397e+01 3.462396433149994124e+00 -7.423897137524821055e+00 3.462396433149994124e+00 8.167824422258625816e+01 4.811578591399744975e-01 -7.423897137524821055e+00 4.811578591399744975e-01 7.425221291713783955e+01
1.049377643608910375e+02 7.803099974496223723e+00 1.828724840302088595e+01 7.803099974496223723e+00 8.955162622711212350e+01 -2.336302728259960659e+01 1.828724840302088595e+01 -2.336302728259960659e+01 9.296222058429823676e+01
9.040180112176992111e+01 5.952485361832253297e+00 -4.453135387867042105e+00 5.952485361832253297e+00 9.820858738631599749e+01 -2.285752050760395804e+01 -4.453135387867042105e+00 -2.285752050760395804e+01 8.123850862269080153e+01
6.334889450689063750e+01 1.304194868496492354e+01 2.348690602980157038e+01 1.304194868496492354e+01 1.043062446707698285e+02 1.465596168100744379e+01 2.348690602980157038e+01 1.465596168100744379e+01 8.417468715122289780e+01
1.226928773936876667e+02 3.585741638371057860e+00 1.027873476587770440e+01 3.585741638371057860e+00 6.906031590098844219e+01 1.659233104114716895e+01 1.027873476587770440e+01 1.659233104114716895e+01 8.554103966049437702e+01
8.132212920224294805e+01 -5.246221290568425566e+00 6.099451925662306095e+00 -5.246221290568425566e+00 9.536956200212436841e+01 1.381665164123343992e+01 6.099451925662306095e+00 1.381665164123343992e+01 8.262605729974900726e+01
1.041070880004443495e+02 1.175635503007530502e+00 -2.750447714598746884e+01 1.175635503007530502e+00 6.921121127395059602e+01 1.962318901938099547e+00 -2.750447714598746884e+01 1.962318901938099547e+00 7.737411255883999672e+01
6.221308063718491610e+01 7.146697826538433773e+00 9.333104360455030113e-01 7.146697826538433773e+00 1.109667887450743819e+02 2.168794798165212612e+01 9.333104360455030113e-01 2.168794798165212612e+01 6.968155278202320346e+01
7.208035752815492003e+01 -1.437847134712238351e+00 4.490483326530124719e-01 -1.437847134712238351e+00 1.116771756407360954e+02 8.464206992649232930e+00 4.490483326530124719e-01 8.464206992649232930e+00 6.624699753951296088e+01
1.072898599317856707e+02 -1.208802412693005657e+01 1.713237253345205247e+01 -1.208802412693005657e+01 1.139601047693793703e+02 1.762163052993843593e+01 1.713237253345205247e+01 1.762163052993843593e+01 9.829948353833498231e+01
7.662089679325686120e+01 3.031488527847621572e+00 -9.551274526827167932e+00 3.031488527847621572e+00 8.848522131873998831e+01 5.840393042026559733e+00 -9.551274526827167932e+00 5.840393042026559733e+00 7.260560535644390256e+01
8.837327451038363790e+01 -8.170467880254909110e-01 -6.582452929827211641e-01 -8.170467880254909110e-01 9.546414444419322365e+01 3.313780739560792554e+00 -6.582452929827211641e-01 3.313780739560792554e+00 9.051922886138461877e+01
6.741851021812261990e+01 6.134859711667566273e+00 -5.875364293683809969e+00 6.134859711667566273e+00 7.909871425637838627e+01 -9.931592951576819317e+00 -5.875364293683809969e+00 -9.931592951576819317e+00 7.550099217534527440e+01
3.534933890644332166e+01 -6.343911160547937911e+00 -5.417197243539031426e+00 -6.343911160547937911e+00 6.789670934445940986e+01 2.116677447394456379e+01 -5.417197243539031426e+00 2.116677447394456379e+01 6.365184934440961939e+01
6.848292647002047318e+01 -2.328964100831747075e+01 3.357482678178243418e+00 -2.328964100831747075e+01 8.617251084679915607e+01 -2.112292702387777332e+00 3.357482678178243418e+00 -2.112292702387777332e+00 7.953946843641921305e+01
7.348561009821573009e+01 4.237438916133628553e+00 1.829675515104421279e+01 4.237438916133628553e+00 8.262159494863600173e+01 -7.354439672374775583e+00 1.829675515104421279e+01 -7.354439672374775583e+00 7.692229950864957289e+01
7.086897471242700419e+01 4.640554134612694170e+00 -2.440755696975478273e+01 4.640554134612694170e+00 8.874277658406592195e+01 -7.169785643166521005e+00 -2.440755696975478273e+01 -7.169785643166521005e+00 7.085083428507635972e+01
1.076084329982001293e+02 -7.988336049501824299e+00 -7.680433822705396985e+00 -7.988336049501824299e+00 1.040971932218894551e+02 -6.220614459143319230e+00 -7.680433822705396985e+00 -6.220614459143319230e+00 9.737427323963588321e+01
8.670023236972686220e+01 -6.782822195563827705e+00 -2.223681716855010393e+01 -6.782822195563827705e+00 8.608641657260828595e+01 2.294283872073170016e+01 -2.223681716855010393e+01 2.294283872073170016e+01 6.445623663634280831e+01
6.653195746113064502e+01 3.611206142004977693e+00 3.319504189901368640e+00 3.611206142004977693e+00 8.064084459644858782e+01 5.199124084799785273e+00 3.319504189901368640e+00 5.199124084799785273e+00 7.507561370511770349e+01
6.741375684411094937e+01 -2.978910390820632692e+00 -1.127534268238466630e+01 -2.978910390820632692e+00 1.167829298788781642e+02 -8.230758124096743344e+00 -1.127534268238466630e+01 -8.230758124096743344e+00 7.513173262074522540e+01
8.991802405654189556e+01 1.040891900921759317e-01 9.791950464030046319e+00 1.040891900921759317e-01 8.410241646471901333e+01 2.261087860097827473e+01 9.791950464030046319e+00 2.261087860097827473e+01 8.693494233750693923e+01
8.143422152204864517e+01 2.041186107478583533e+00 1.991309633027612236e+01 2.041186107478583533e+00 1.011974895633244245e+02 1.322694224088829706e+01 1.991309633027612236e+01 1.322694224088829706e+01 7.126709403781217134e+01
9.280375861597059384e+01 4.502609280641515221e-01 6.820073126594020430e+00 4.502609280641515221e-01 1.216320989280232254e+02 1.579570435984525822e+01 6.820073126594020430e+00 1.579570435984525822e+01 9.006402054404301794e+01
7.231075065627133824e+01 4.040367909915310030e-01 1.284929152604315128e+01 4.040367909915310030e-01 8.533528647113230647e+01 2.445465417552342036e+00 1.284929152604315128e+01 2.445465417552342036e+00 7.038219041057934078e+01
8.468708146815380644e+01 -1.054763992425189922e+00 1.799200567231674874e+00 -1.054763992425189922e+00 5.413147174865827083e+01 1.085006121978998017e+01 1.799200567231674874e+00 1.085006121978998017e+01 5.971120528110638048e+01
8.220106686005298968e+01 -1.318319179845440203e+01 -2.669325081593544269e+01 -1.318319179845440203e+01 7.728331341445390024e+01 1.255914169606579911e+01 -2.669325081593544269e+01 1.255914169606579911e+01 8.163342669619056835e+01
7.887438410531765953e+01 1.114772914131639325e+01 1.222509591220521408e+01 1.114772914131639325e+01 1.214820281199406651e+02 3.158714038384330625e+00 1.222509591220521408e+01 3.158714038384330625e+00 7.928686056037074081e+01
1.076155630592176351e+02 -1.904361691667297762e+01 -1.231899930084382433e+01 -1.904361691667297762e+01 1.231524510545093705e+02 2.052536000526844973e+01 -1.231899930084382433e+01 2.052536000526844973e+01 9.378436027305052392e+01
9.472543131972730635e+01 -6.560868731508936236e+00 -2.492591725610850162e+01 -6.560868731508936236e+00 9.339080030641123642e+01 -3.316293237252672554e+01 -2.492591725610850162e+01 -3.316293237252672554e+01 6.554432275066611169e+01
9.098355589621797890e+01 2.969791673328867176e+00 -1.410393974604050138e+00 2.969791673328867176e+00 8.084897447281649363e+01 9.920340066161447368e+00 -1.410393974604050138e+00 9.920340066161447368e+00 7.925121025528324026e+01
9.533575484206181727e+01 -9.072978392857480756e+00 -9.313217795712348535e-01 -9.072978392857480756e+00 9.794453260958636065e+01 -1.561997503286298716e+01 -9.313217795712348535e-01 -1.561997503286298716e+01 1.016076863390045446e+02
6.914480954923661216e+01 -2.278515281346718169e+01 -5.758712615132233203e+00 -2.278515281346718169e+01 9.446152205444700201e+01 -2.768015796915328952e+00 -5.758712615132233203e+00 -2.768015796915328952e+00 6.301921406651015189e+01
9.534914189540079121e+01 1.115898202673176343e+01 1.423606414203821302e+01 1.115898202673176343e+01 1.019347960771134183e+02 -8.250984215554543200e-01 1.423606414203821302e+01 -8.250984215554543200e-01 6.625233295932197564e+01
8.854027315040571011e+01 1.392530019007149811e+01 1.362772927617797514e+01 1.392530019007149811e+01 4.787525548824390853e+01 2.159986505098698117e+01 1.362772927617797514e+01 2.159986505098698117e+01 2.844608173464515843e+01
9.012125504744878413e+01 5.707298569699938540e+00 -5.331733518961951468e+00 5.707298569699938540e+00 8.453288783567337816e+01 -1.299834375398036457e+01 -5.331733518961951468e+00 -1.299834375398036457e+01 8.530016970802570597e+01
6.288742919722756142e+01 5.215081840410375591e+00 -6.556600395661726921e+00 5.215081840410375591e+00 9.359398279350168082e+01 -1.295721251763452742e+01 -6.556600395661726921e+00 -1.295721251763452742e+01 7.436139500795680135e+01
7.104984544395250623e+01 8.445969557665701899e+00 8.246085330093540833e+00 8.445969557665701899e+00 8.228730664569317810e+01 -9.595898037957084625e+00 8.246085330093540833e+00 -9.595898037957084625e+00 7.018739908373396474e+01
1.161229384485034046e+02 -1.227146556072717276e+00 -1.406921101346548042e+01 -1.227146556072717276e+00 1.040554799397462773e+02 -1.241382426199489508e+01 -1.406921101346548042e+01 -1.241382426199489508e+01 1.011241517928587399e+02
1.146712192222877462e+02 -2.846203949025575053e+00 5.221047809833178732e+00 -2.846203949025575053e+00 8.380048020734538738e+01 -8.240846917917419745e+00 5.221047809833178732e+00 -8.240846917917419745e+00 8.868631814172329086e+01
1.204118884177022295e+02 -6.127099101036276529e+00 5.826278431440901073e+00 -6.127099101036276529e+00 1.187325892847239714e+02 2.972828012238359108e+01 5.826278431440901073e+00 2.972828012238359108e+01 9.662634439004533249e+01
9.470020933517562867e+01 1.316194712685124379e+01 -1.559281289565347350e+01 1.316194712685124379e+01 9.286676507353338650e+01 -7.637992983315530005e+00 -1.559281289565347350e+01 -7.637992983315530005e+00 8.629095716655920967e+01
1.070430725137106549e+02 3.684058874306212150e+00 5.650209577743511291e-01 3.684058874306212150e+00 1.563110665873724372e+02 2.669892576245957549e+00 5.650209577743511291e-01 2.669892576245957549e+00 8.113131518834612166e+01
8.078950879385423889e+01 4.473021952609722574e-01 -1.753364460690618998e+01 4.473021952609722574e-01 7.041294183020583830e+01 5.006660941143795007e+00 -1.753364460690618998e+01 5.006660941143795007e+00 5.994339305043128263e+01
1.225515372725652981e+02 1.735020317310907245e+01 6.345899817022206513e+00 1.735020317310907245e+01 7.804846111888264204e+01 -1.007511574443923585e+01 6.345899817022206513e+00 -1.007511574443923585e+01 7.773934629667508034e+01
1.017409748265969540e+02 8.046298110154271876e-01 1.150563880286819618e+01 8.046298110154271876e-01 1.007013925287192251e+02 -8.402510138130478978e+00 1.150563880286819618e+01 -8.402510138130478978e+00 9.175922892881543191e+01
6.706666353362651023e+01 1.996902123063785339e+01 1.721090021227741929e+01 1.996902123063785339e+01 6.632450663819297176e+01 -5.124864741821629543e+00 1.721090021227741929e+01 -5.124864741821629543e+00 8.469872238410074772e+01
7.608774284288723777e+01 -7.659577181633805409e+00 1.033461116242299305e+01 -7.659577181633805409e+00 1.217508847744984024e+02 9.137827995445197971e+00 1.033461116242299305e+01 9.137827995445197971e+00 7.633996268840417088e+01
1.106872127470821709e+02 1.795519127563456863e+01 1.478575789381576655e+01 1.795519127563456863e+01 6.805075746549051985e+01 3.471418143008868640e+00 1.478575789381576655e+01 3.471418143008868640e+00 8.677628635391349121e+01
9.387438335637347109e+01 1.693573806158174477e+01 -2.764780592358410161e+01 1.693573806158174477e+01 9.109535719312501101e+01 -2.670765644941977435e+00 -2.764780592358410161e+01 -2.670765644941977435e+00 8.521485149489797095e+01
9.567474801519985306e+01 3.248058068277055455e+00 -8.913497844384473012e+00 3.248058068277055455e+00 9.976880964992039935e+01 1.969982504936498513e+00 -8.913497844384473012e+00 1.969982504936498513e+00 9.272906273864442994e+01
1.001630001661734752e+02 -7.639545105441788664e+00 1.305300755511451172e+01 -7.639545105441788664e+00 1.134769097499486747e+02 1.265285106943862559e+01 1.305300755511451172e+01 1.265285106943862559e+01 8.086958859480586170e+01
9.338570740568444251e+01 5.275808618600218658e+00 1.086742558607749132e+01 5.275808618600218658e+00 8.901289433785125027e+01 -5.540542448760096050e+00 1.086742558607749132e+01 -5.540542448760096050e+00 8.941547601434940873e+01
9.784476025915785158e+01 2.637395019227430470e+00 -1.174456860267903302e+01 2.637395019227430470e+00 8.840737269334486825e+01 -2.971828833619580390e+00 -1.174456860267903302e+01 -2.971828833619580390e+00 9.743024664381407263e+01
8.875267136262080214e+01 -1.041081065805897055e+01 8.201607330412960195e+00 -1.041081065805897055e+01 6.784781749748228208e+01 -9.464404191573166258e+00 8.201607330412960195e+00 -9.464404191573166258e+00 6.377771674808585090e+01
1.305533088792225556e+02 3.910377681841203934e-01 -1.132515610187425992e+01 3.910377681841203934e-01 7.709186885094327124e+01 -1.066239995396209927e+01 -1.132515610187425992e+01 -1.066239995396209927e+01 8.275934578734138825e+01
1.050100350473949362e+02 -2.881175200682825288e+00 2.332597036683519587e+00 -2.881175200682825288e+00 1.165748485063267168e+02 -1.208065154683033171e+01 2.332597036683519587e+00 -1.208065154683033171e+01 7.134178991513833523e+01
7.927914845355589080e+01 2.282638105744590806e+00 -6.283038870908757900e+00 2.282638105744590806e+00 9.743567907125597571e+01 -9.552632633687643704e+00 -6.283038870908757900e+00 -9.552632633687643704e+00 1.013350948905804785e+02
7.375073195890718125e+01 8.285955467211792325e+00 -6.030673513942498509e+00 8.285955467211792325e+00 8.987276999579817982e+01 -5.238654695202917821e+00 -6.030673513942498509e+00 -5.238654695202917821e+00 8.114023989057209008e+01
9.188955868360464763e+01 7.128508895371348686e+00 -2.387037720262018325e+01 7.128508895371348686e+00 7.391569343863854158e+01 -9.749703639905961339e+00 -2.387037720262018325e+01 -9.749703639905961339e+00 7.370402278367009785e+01
9.351535810704343987e+01 1.108675984404432313e+01 -5.970431773917111329e+00 1.108675984404432313e+01 8.316411013557961951e+01 -1.353707564324122004e+01 -5.970431773917111329e+00 -1.353707564324122004e+01 8.388303370293573380e+01
1.109255605010956742e+02 7.311901825352017603e+00 5.303795320689308035e+00 7.311901825352017603e+00 9.791965015174980635e+01 -3.972705085973751160e+00 5.303795320689308035e+00 -3.972705085973751160e+00 8.352201979713142066e+01
1.076017879753470936e+02 3.651076279123229629e+00 1.544987214858840296e+01 3.651076279123229629e+00 8.211671872325415222e+01 -3.833838659490107492e+00 1.544987214858840296e+01 -3.833838659490107492e+00 1.086656221814476027e+02
9.913515579187557591e+01 -6.893847431407720272e-01 5.323390862533314838e+00 -6.893847431407720272e-01 1.129596165475567631e+02 1.691813117621200746e+01 5.323390862533314838e+00 1.691813117621200746e+01 9.907593263199554201e+01
9.649548109327520251e+01 8.512904824360577605e-01 1.711520218243032687e+01 8.512904824360577605e-01 1.166808778490767082e+02 -1.146678724589530063e+01 1.711520218243032687e+01 -1.146678724589530063e+01 7.747393341308494996e+01
1.133510908500888945e+02 7.423703122259038167e+00 2.279291342409846877e+00 7.423703122259038167e+00 6.428720083603002422e+01 -6.660010532323664911e+00 2.279291342409846877e+00 -6.660010532323664911e+00 8.708122984790674082e+01
7.266070569192605433e+01 -1.661789255241397978e+00 -8.485597175701725448e+00 -1.661789255241397978e+00 7.150127046361134830e+01 -5.584729425542002801e+00 -8.485597175701725448e+00 -5.584729425542002801e+00 8.120305233286909186e+01
9.390445572256973605e+01 -1.624984559322505717e+01 2.397446639271235913e+00 -1.624984559322505717e+01 8.293201937388759859e+01 1.281179807593073150e+00 2.397446639271235913e+00 1.281179807593073150e+00 8.361374051402997054e+01
1.344713016602457003e+02 7.722583639196590966e+00 -1.246121249066221104e+01 7.722583639196590966e+00 7.858505884021990084e+01 1.345718985755537922e+01 -1.246121249066221104e+01 1.345718985755537922e+01 1.022532721358949601e+02
9.738935792655047408e+01 9.008419813168437429e+00 -1.451995697969408816e+01 9.008419813168437429e+00 9.155716202950321758e+01 9.111199400216584365e+00 -1.451995697969408816e+01 9.111199400216584365e+00 7.743003745920172776e+01
6.336499777395056299e+01 2.262023983755226730e+00 1.338254248404565949e+01 2.262023983755226730e+00 8.837754284623083834e+01 -1.410636493686278081e+00 1.338254248404565949e+01 -1.410636493686278081e+00 7.350476910571173050e+01
9.594767899033902836e+01 -6.665491463582013942e+00 -2.074876858381670530e+01 -6.665491463582013942e+00 9.915892266193390014e+01 1.253455026112789916e+01 -2.074876858381670530e+01 1.253455026112789916e+01 6.249217159701267121e+01
9.992411887017908612e+01 -2.569344164754307158e+00 -7.762890310662853288e+00 -2.569344164754307158e+00 9.345943320668170884e+01 -1.702154131287394634e+01 -7.762890310662853288e+00 -1.702154131287394634e+01 9.219522973484455974e+01
1.197473861323980344e+02 -6.357152702437576686e+00 -7.062980239353393586e+00 -6.357152702437576686e+00 8.834965315177464618e+01 7.375635840161486101e+00 -7.062980239353393586e+00 7.375635840161486101e+00 7.592462450818082687e+01
6.339118983483116665e+01 -2.248054884618905014e+00 -1.600984870945241312e+01 -2.248054884618905014e+00 9.342354038251198745e+01 2.141899431946148269e+01 -1.600984870945241312e+01 2.141899431946148269e+01 7.461376036492306696e+01
7.990373209792538489e+01 7.468617656287628748e+00 -1.192146202125599785e+01 7.468617656287628748e+00 1.001447627311899424e+02 -3.097599229662922671e+00 -1.192146202125599785e+01 -3.097599229662922671e+00 6.085036591414684892e+01
9.992644705336846300e+01 -6.798488928275745025e+00 -1.834996383768499495e+00 -6.798488928275745025e+00 1.073139663285591183e+02 -1.478047097782320130e+01 -1.834996383768499495e+00 -1.478047097782320130e+01 9.303842007993422669e+01
1.000828718614054083e+02 2.147506473127255067e+00 1.883621459755175209e+01 2.147506473127255067e+00 9.134195059593425015e+01 -4.241852763430174811e+00 1.883621459755175209e+01 -4.241852763430174811e+00 8.276409916135307299e+01
6.732591643252804658e+01 -1.558330614763014310e+01 2.402005998017118671e+00 -1.558330614763014310e+01 1.521187847243496378e+02 1.985503726199078223e+00 2.402005998017118671e+00 1.985503726199078223e+00 1.154549923922315884e+02
1.290913068439204210e+02 4.217406839941611474e-01 1.224488546931500466e+01 4.217406839941611474e-01 5.796201214863008033e+01 -1.344380280421640705e+00 1.224488546931500466e+01 -1.344380280421640705e+00 7.235134835063627179e+01
9.001299452914228993e+01 -6.753719905696490500e+00 1.015558357592242444e+01 -6.753719905696490500e+00 7.834903926939578866e+01 -1.068931957208938677e+01 1.015558357592242444e+01 -1.068931957208938677e+01 5.479500395763356124e+01
8.914846250481660661e+01 -7.368942313491999130e+00 -5.776270996685526349e+00 -7.368942313491999130e+00 7.139839386893031303e+01 7.555051457193619591e+00 -5.776270996685526349e+00 7.555051457193619591e+00 7.722991071254733697e+01
5.640552467889200017e+01 1.897760322249056664e+00 2.033420646465648929e+01 1.897760322249056664e+00 7.564892881550423454e+01 -5.006563933510904674e-01 2.033420646465648929e+01 -5.006563933510904674e-01 7.833182041455761180e+01
1.017826396049236735e+02 1.234354223196527656e+01 -1.547203839270402348e+01 1.234354223196527656e+01 6.909649974805684280e+01 -1.003893189737084590e+01 -1.547203839270402348e+01 -1.003893189737084590e+01 7.180883316369265401e+01
1.123812085364434239e+02 -1.063931213733401160e+00 9.284212513477903883e+00 -1.063931213733401160e+00 9.627216952235983172e+01 5.367335320232993645e+00 9.284212513477903883e+00 5.367335320232993645e+00 8.005894431055118332e+01
7.949305028408082308e+01 5.693571989645843878e+00 -6.159984688586366691e-02 5.693571989645843878e+00 6.915611093846843005e+01 3.243353198081836641e+00 -6.159984688586366691e-02 3.243353198081836641e+00 8.342069532457662717e+01
8.848211707448747632e+01 -8.992122530842728834e-01 -7.245209077739370507e+00 -8.992122530842728834e-01 9.760728557384037174e+01 -5.320868664078146071e-02 -7.245209077739370507e+00 -5.320868664078146071e-02 8.582745469660542881e+01
7.678280253255215371e+01 -6.876919599468218181e+00 1.298034883807905970e+01 -6.876919599468218181e+00 1.183026999595669650e+02 1.467691532971192458e+01 1.298034883807905970e+01 1.467691532971192458e+01 8.018175597379135411e+01
9.790039413662090340e+01 2.194690985765497615e+01 -2.052516599000266595e+01 2.194690985765497615e+01 7.139756930405073376e+01 4.613780027934743622e+00 -2.052516599000266595e+01 4.613780027934743622e+00 8.949303361684587799e+01
5.796007199597226389e+01 1.030434478096096207e+01 9.430839550592837739e+00 1.030434478096096207e+01 3.336354415734556511e+01 1.131574636148381963e+01 9.430839550592837739e+00 1.131574636148381963e+01 4.129139594773977251e+01
1.166708375590724813e+02 -9.475754084621428319e+00 2.043116559373116559e+01 -9.475754084621428319e+00 8.739504954030954309e+01 -9.944058432403327430e+00 2.043116559373116559e+01 -9.944058432403327430e+00 1.014092572259257423e+02
8.116677147816783133e+01 4.106430107914166072e+00 7.330042252702658523e+00 4.106430107914166072e+00 1.168228000159964353e+02 2.954154042906817779e+01 7.330042252702658523e+00 2.954154042906817779e+01 8.858019179134038268e+01
1.263681085734007894e+02 -1.103665540165605741e+01 -2.884570467834014273e+00 -1.103665540165605741e+01 8.738699790677956969e+01 2.314160736052561518e+01 -2.884570467834014273e+00 2.314160736052561518e+01 1.029272811692224963e+02
4.277241147908856789e+01 2.964359245886964089e+00 1.466561394048011113e+00 2.964359245886964089e+00 8.107243155518119693e+01 -1.971156297294481163e+01 1.466561394048011113e+00 -1.971156297294481163e+01 7.060933378299391450e+01
8.445654282858805573e+01 3.852076094473638523e+00 1.256840592500690157e+01 3.852076094473638523e+00 6.434002149213924326e+01 6.233370962868503007e+00 1.256840592500690157e+01 6.233370962868503007e+00 5.906722011015865093e+01
1.071290212764521925e+02 5.383438587292920241e-01 2.435473631364556635e+00 5.383438587292920241e-01 6.333749611002592417e+01 -1.323227766069730826e+01 2.435473631364556635e+00 -1.323227766069730826e+01 9.653593327619080355e+01
5.791127715662802444e+01 -4.286573282192982504e+00 1.101002680642744380e+01 -4.286573282192982504e+00 6.815746586167075804e+01 2.051371908932151378e+00 1.101002680642744380e+01 2.051371908932151378e+00 5.396617074221179422e+01
1.068290251717363901e+02 6.372964946598829172e+00 2.578317370796736174e+00 6.372964946598829172e+00 9.484237402117756233e+01 -9.916314249396465996e+00 2.578317370796736174e+00 -9.916314249396465996e+00 6.590456059540730394e+01
9.137658232087638055e+01 1.387893054154953987e+01 -1.336784582766265572e+01 1.387893054154953987e+01 6.891378587150640556e+01 -2.613681503367195447e+01 -1.336784582766265572e+01 -2.613681503367195447e+01 8.113728115776892480e+01
9.871763493991218752e+01 -4.963492544507245086e+00 -2.144727204444924595e+01 -4.963492544507245086e+00 1.035564241723378842e+02 -2.627393532276355970e+01 -2.144727204444924595e+01 -2.627393532276355970e+01 8.861089470715043603e+01
6.174264212147940611e+01 1.007952959173578300e+01 6.039792231434264913e+00 1.007952959173578300e+01 7.722496332326988977e+01 1.900355276428894058e+01 6.039792231434264913e+00 1.900355276428894058e+01 6.490053159498415880e+01
