1.223655668180883396e+02 -9.503371469031348440e+00 -2.198868139199550598e+01 -9.503371469031348440e+00 1.041670305835250758e+02 2.593004432520605196e+00 -2.198868139199550598e+01 2.593004432520605196e+00 1.253786523296107021e+02
1.020176933988068697e+02 -1.060516891078715496e+01 -1.487811723723737600e+01 -1.060516891078715496e+01 1.247862400495332906e+02 -3.389703368177781950e+00 -1.487811723723737600e+01 -3.389703368177781950e+00 7.317699220642640512e+01
1.124122511369769910e+02 -1.707153583017774423e+01 1.403643339092413456e+01 -1.707153583017774423e+01 9.345653231004956751e+01 -1.123785837831244550e+01 1.403643339092413456e+01 -1.123785837831244550e+01 9.843906291642555573e+01
9.092972131900174304e+01 6.190228043936295776e+00 9.235364115482115110e+00 6.190228043936295776e+00 8.656794443747166667e+01 3.990342275679620965e+00 9.235364115482115110e+00 3.990342275679620965e+00 8.612375410931281294e+01
1.108485261877021628e+02 -6.651822682137574105e+00 -6.441829695396372735e+00 -6.651822682137574105e+00 1.417058923652972169e+02 -1.728100573656248073e+01 -6.441829695396372735e+00 -1.728100573656248073e+01 1.315811014327844362e+02
1.062330077805264779e+02 -2.962061400387105525e+00 1.194653715580432518e+01 -2.962061400387105525e+00 1.099068864405442696e+02 -1.172513150674023130e+01 1.194653715580432518e+01 -1.172513150674023130e+01 1.016633777864407620e+02
1.019746105985379643e+02 -4.321642352361222628e+00 3.848111971480586924e+00 -4.321642352361222628e+00 1.551807276644157412e+02 1.936286555529658315e+01 3.848111971480586924e+00 1.936286555529658315e+01 1.192191909211865521e+02
1.023394353707930406e+02 6.164169131632361243e+00 -3.194023762099873309e+01 6.164169131632361243e+00 1.145416161626301488e+02 -1.618634120875848126e+01 -3.194023762099873309e+01 -1.618634120875848126e+01 1.190727284213761124e+02
9.161148523451545600e+01 4.153828663455040093e+00 -4.380607774362827556e+00 4.153828663455040093e+00 1.031759359663013100e+02 -5.850320917752847016e+00 -4.380607774362827556e+00 -5.850320917752847016e+00 1.143344287887099995e+02
8.518002204072904249e+01 -7.783721020770007826e+00 3.112280568212163701e+00 -7.783721020770007826e+00 1.113952402657283329e+02 -4.513612843184191981e+00 3.112280568212163701e+00 -4.513612843184191981e+00 1.093016824681132704e+02
9.750327215870814257e+01 1.681227818440939270e+00 5.540372030166987649e+00 1.681227818440939270e+00 1.186695761248199545e+02 4.635966093837523339e+00 5.540372030166987649e+00 4.635966093837523339e+00 8.202451601396893466e+01
9.026269875898840667e+01 -7.276475733277163016e+00 1.026450094044884764e+01 -7.276475733277163016e+00 9.995428405082809320e+01 1.346037926017619135e+01 1.026450094044884764e+01 1.346037926017619135e+01 6.909525352664429931e+01
1.010411974788044773e+02 -4.573339109340656350e+00 -3.119247047505095338e+01 -4.573339109340656350e+00 8.623992550120790668e+01 1.273505701679676250e+01 -3.119247047505095338e+01 1.273505701679676250e+01 1.169691845442285114e+02
8.772171704555631777e+01 -2.069828970535391388e+00 -5.963496485788186696e+00 -2.069828970535391388e+00 1.047418007897616974e+02 1.992650841576838872e+01 -5.963496485788186696e+00 1.992650841576838872e+01 8.786860752020386656e+01
1.219937993429201555e+02 1.220113463112416063e+01 -1.356770583877104919e+01 1.220113463112416063e+01 1.112015103227972617e+02 5.910427605986741995e+00 -1.356770583877104919e+01 5.910427605986741995e+00 9.208420721848156631e+01
9.114152131061072737e+01 1.826168629941660182e+00 4.738632501983866874e+00 1.826168629941660182e+00 1.103282038912976759e+02 -1.715318391854609814e+01 4.738632501983866874e+00 -1.715318391854609814e+01 1.208838703792592923e+02
1.010657822555583749e+02 -5.368421251168757458e+00 -8.117446288195223403e+00 -5.368421251168757458e+00 9.376472174552731076e+01 2.577359574586308266e+00 -8.117446288195223403e+00 2.577359574586308266e+00 9.899252948632610583e+01
1.374826842254709334e+02 -9.249725048905085956e+00 -4.805349023813102249e+00 -9.249725048905085956e+00 7.487919079188566229e+01 1.326389125718374418e+00 -4.805349023813102249e+00 1.326389125718374418e+00 9.461092310401004113e+01
1.051143766618444175e+02 3.156504634713367619e+00 -6.340684975559747194e-01 3.156504634713367619e+00 6.864307433485940635e+01 -1.785487244036520238e+01 -6.340684975559747194e-01 -1.785487244036520238e+01 8.685250015138910840e+01
1.113337069947040732e+02 1.824147637655314824e+01 -2.801951258548875057e+00 1.824147637655314824e+01 1.179210481347173243e+02 9.819407109856083338e+00 -2.801951258548875057e+00 9.819407109856083338e+00 1.072354199545537909e+02
1.108403471130374243e+02 -9.213632504308941762e+00 -1.073788866305044776e+00 -9.213632504308941762e+00 1.195855849345110329e+02 -3.468022763368623917e-01 -1.073788866305044776e+00 -3.468022763368623917e-01 1.043464471457928653e+02
1.088997665433087718e+02 -8.737153852328226833e+00 -1.092453324478939791e+01 -8.737153852328226833e+00 1.122463395584579757e+02 -4.144223005999940312e+00 -1.092453324478939791e+01 -4.144223005999940312e+00 1.048116082409700454e+02
1.122463395584579757e+02 6.439024082575327768e+00 1.173782809357444634e+01 6.439024082575327768e+00 1.013703101285408650e+02 -7.961330578170004557e+00 1.173782809357444634e+01 -7.961330578170004557e+00 1.016552938172953873e+02
1.195461161439776987e+02 1.131660574834039812e+00 4.224064089500501495e+00 1.131660574834039812e+00 8.711094940024291589e+01 5.312689416825304711e+00 4.224064089500501495e+00 5.312689416825304711e+00 1.039150009572278890e+02
1.128578680479262317e+02 1.805216884027218782e+01 6.490523721307376093e+00 1.805216884027218782e+01 1.297077129124818100e+02 1.832279159560374993e+01 6.490523721307376093e+00 1.832279159560374993e+01 8.713272856417576406e+01
1.261652225274563222e+02 1.206446799980753504e+01 -1.071520599668370011e+01 1.206446799980753504e+01 1.391394699254370266e+02 1.082519552982056688e+01 -1.071520599668370011e+01 1.082519552982056688e+01 1.112135887237556489e+02
1.116625818806420654e+02 1.386291337085650532e+01 -7.132581082489374502e+00 1.386291337085650532e+01 9.175119524245151581e+01 -2.627908158124780957e+00 -7.132581082489374502e+00 -2.627908158124780957e+00 8.368253808568664454e+01
1.363287689591072649e+02 -6.043670438606498330e+00 6.793339694941427531e+00 -6.043670438606498330e+00 1.318039336646388904e+02 -9.240927788364524664e-01 6.793339694941427531e+00 -9.240927788364524664e-01 1.220744488233352598e+02
9.784907582709175244e+01 5.584500991148834359e+00 -6.876604577138855090e-01 5.584500991148834359e+00 1.256100440582073361e+02 -1.654988205650224842e+01 -6.876604577138855090e-01 -1.654988205650224842e+01 1.189686829831990735e+02
9.556996716121034297e+01 1.247318396924608308e+01 4.177509937775039539e+00 1.247318396924608308e+01 8.300624273753598459e+01 -6.309823234528262326e+00 4.177509937775039539e+00 -6.309823234528262326e+00 9.784251354625608599e+01
1.057189624483995800e+02 -1.927598666336357569e+00 -7.906977773857234659e+00 -1.927598666336357569e+00 6.510486369820499419e+01 -2.345330639009990037e+01 -7.906977773857234659e+00 -2.345330639009990037e+01 1.038919854215433816e+02
1.195851094069142562e+02 -7.875497846949926384e+00 2.476975698904542167e+00 -7.875497846949926384e+00 1.071371759530575503e+02 -2.049818769262588702e+01 2.476975698904542167e+00 -2.049818769262588702e+01 1.199542139275404224e+02
1.171356192031039996e+02 7.225451622141902952e+00 1.921288415126992177e+01 7.225451622141902952e+00 1.118920714988515499e+02 -1.767284047631508415e+01 1.921288415126992177e+01 -1.767284047631508415e+01 1.129469819195641520e+02
1.119784273104280885e+02 4.529495464916882597e+00 1.086675664177976230e+00 4.529495464916882597e+00 8.348947388139107773e+01 -2.603304360267014417e+01 1.086675664177976230e+00 -2.603304360267014417e+01 9.324368615772765168e+01
8.084739500088203101e+01 6.963721232870260458e+00 6.237162617739186565e+00 6.963721232870260458e+00 8.673019445349544299e+01 6.319523997502719759e+00 6.237162617739186565e+00 6.319523997502719759e+00 8.362114747294144479e+01
1.072170170365581185e+02 6.635844954885525837e+00 1.060022342378056948e+01 6.635844954885525837e+00 9.022441878744704979e+01 -5.152674380506431007e+00 1.060022342378056948e+01 -5.152674380506431007e+00 9.413140107540988311e+01
1.067316460185174947e+02 3.336777146655373283e+00 -5.149012818011170500e-01 3.336777146655373283e+00 9.628649214404919121e+01 -1.184586796356448701e+00 -5.149012818011170500e-01 -1.184586796356448701e+00 9.297876973355752739e+01
1.354235546258632610e+02 2.928679363092648202e+00 1.479361598328829963e+01 2.928679363092648202e+00 7.417707429522944551e+01 -7.798224612472015593e+00 1.479361598328829963e+01 -7.798224612472015593e+00 1.046174978759615328e+02
9.228502252260477690e+01 -1.154029392986906899e+01 1.310435174846165651e+01 -1.154029392986906899e+01 1.287289344600148411e+02 -3.079069720852549708e+01 1.310435174846165651e+01 -3.079069720852549708e+01 9.735167396085239488e+01
1.329865707978485148e+02 8.047591284227191721e+00 -3.065726416486702632e+00 8.047591284227191721e+00 1.072267177995325795e+02 8.100184636431849938e+00 -3.065726416486702632e+00 8.100184636431849938e+00 1.027413512955975392e+02
1.374445944649683042e+02 -3.876025441411992123e-01 -2.846679384302673554e+01 -3.876025441411992123e-01 1.493762951597528570e+02 8.867305755568867909e+00 -2.846679384302673554e+01 8.867305755568867909e+00 1.073480248894729812e+02
9.089800362829602420e+01 -2.056181328507600714e+00 -1.459689021649745833e+01 -2.056181328507600714e+00 8.671897200221127378e+01 7.738926321152658439e+00 -1.459689021649745833e+01 7.738926321152658439e+00 8.744657677805527385e+01
1.013876193330639097e+02 -8.036701702260765856e+00 5.870721051655015010e+00 -8.036701702260765856e+00 9.047564001682968637e+01 -6.823345486298696194e+00 5.870721051655015010e+00 -6.823345486298696194e+00 1.316613704911221134e+02
1.166003653401603941e+02 1.312275466645732003e+01 -2.189447937507197395e+01 1.312275466645732003e+01 1.196119767161327161e+02 6.097452609803124091e+00 -2.189447937507197395e+01 6.097452609803124091e+00 1.415950944352458123e+02
1.060405617621067336e+02 5.744373369188671835e-02 1.755029701462303970e+00 5.744373369188671835e-02 9.502491742977291267e+01 -1.037743874468579408e+00 1.755029701462303970e+00 -1.037743874468579408e+00 8.533513914280101176e+01
1.128404637378838231e+02 -4.867310269674467449e+00 -7.116175380400218131e+00 -4.867310269674467449e+00 1.245997856788330438e+02 2.973678539576615520e+01 -7.116175380400218131e+00 2.973678539576615520e+01 1.243670149202057331e+02
1.064994458930063246e+02 6.095645604935333139e+00 -3.251134626474009082e+00 6.095645604935333139e+00 1.206462967919044331e+02 2.374789573630953754e+01 -3.251134626474009082e+00 2.374789573630953754e+01 1.107353506196668320e+02
7.635898512032756003e+01 5.136553994975346704e+00 5.188148739226751793e+00 5.136553994975346704e+00 1.067832883155285657e+02 2.536383361571159867e+01 5.188148739226751793e+00 2.536383361571159867e+01 8.862930901678426210e+01
1.325714352058533336e+02 3.341960397460353338e+00 2.314302463319629055e+01 3.341960397460353338e+00 1.001463496471704389e+02 8.066327071540605687e+00 2.314302463319629055e+01 8.066327071540605687e+00 1.191516660024427807e+02
1.450604542440724458e+02 3.091167142914814647e+00 -6.039676006793487373e-01 3.091167142914814647e+00 8.855213088782571162e+01 -1.846968207025129871e+01 -6.039676006793487373e-01 -1.846968207025129871e+01 9.562898013597163072e+01
1.073757481483656733e+02 -5.193902623147876874e+00 -1.032413210108595436e+01 -5.193902623147876874e+00 1.072733670567774027e+02 -1.981732727954605622e+01 -1.032413210108595436e+01 -1.981732727954605622e+01 1.007981077713268832e+02
1.061973907635271388e+02 2.785070028862931313e+00 -1.439674065100975042e+01 2.785070028862931313e+00 1.215326326795559879e+02 -1.288061601417330726e+00 -1.439674065100975042e+01 -1.288061601417330726e+00 1.080858535086479009e+02
9.657680174188774913e+01 1.861024802786157561e+00 2.622962671118195033e+00 1.861024802786157561e+00 1.037059590256802721e+02 -4.776864920765553357e+00 2.622962671118195033e+00 -4.776864920765553357e+00 8.259424562767961220e+01
6.558062905879053517e+01 5.475795382523294563e+00 1.584372357527334430e+01 5.475795382523294563e+00 1.009755746704478554e+02 2.482254055228879513e-02 1.584372357527334430e+01 2.482254055228879513e-02 9.237389863044428751e+01
7.232936426515333039e+01 6.808223708720865908e+00 -5.729917330246342644e+00 6.808223708720865908e+00 1.145723827981422716e+02 1.570719960223575740e+01 -5.729917330246342644e+00 1.570719960223575740e+01 8.436568103123106255e+01
1.232386830385492118e+02 3.830517450399462120e+00 -9.281204975812395119e+00 3.830517450399462120e+00 8.006439126001234285e+01 6.469552954289062852e-01 -9.281204975812395119e+00 6.469552954289062852e-01 9.227655813138196095e+01
1.014932340123103387e+02 -8.498153682183009483e-01 -1.977762072521433012e+01 -8.498153682183009483e-01 1.176533736504858467e+02 -1.397100079360622249e-01 -1.977762072521433012e+01 -1.397100079360622249e-01 1.059670927484031182e+02
1.004101248051082678e+02 -7.291930380172745529e+00 7.770073378742217152e+00 -7.291930380172745529e+00 9.141047971935353189e+01 1.877863234988390317e+01 7.770073378742217152e+00 1.877863234988390317e+01 9.300316429927271145e+01
1.173051923441182964e+02 -1.008922146827310762e+01 2.133763655923422675e+01 -1.008922146827310762e+01 1.221564773337810408e+02 7.194114353513629823e+00 2.133763655923422675e+01 7.194114353513629823e+00 1.189675892697264601e+02
1.156894922285146237e+02 2.147054652253623352e+00 -1.640484613948217074e+01 2.147054652253623352e+00 9.988385841374393692e+01 -1.262425908674535968e+01 -1.640484613948217074e+01 -1.262425908674535968e+01 1.204947936995680493e+02
1.027139133532629245e+02 2.049904364230010323e+00 -1.255021943992560018e+01 2.049904364230010323e+00 1.197103158231482922e+02 1.796909416911347535e+01 -1.255021943992560018e+01 1.796909416911347535e+01 1.119141359793424755e+02
1.346536754466648915e+02 5.326669928170846724e+00 -8.246266714164859124e+00 5.326669928170846724e+00 9.018747029317667341e+01 1.243770961052576318e+01 -8.246266714164859124e+00 1.243770961052576318e+01 9.573150388583893289e+01
1.370928467016248362e+02 -7.755712445319245418e+00 1.296920680545474980e+01 -7.755712445319245418e+00 9.677433590559313359e+01 -7.758708269179004358e-01 1.296920680545474980e+01 -7.758708269179004358e-01 9.018124088165876628e+01
9.629329218868326734e+01 -1.341168523426518711e+01 5.410505443484419530e+00 -1.341168523426518711e+01 1.103994854780560644e+02 -1.053574188165623404e+01 5.410505443484419530e+00 -1.053574188165623404e+01 1.191726843222207606e+02
1.158820809052134280e+02 -6.372497771784806808e+00 -6.021843721913969105e+00 -6.372497771784806808e+00 1.520960276968172309e+02 -1.336127930900575045e+01 -6.021843721913969105e+00 -1.336127930900575045e+01 1.228250691348637531e+02
8.890216675182071526e+01 1.344582811571450343e+01 3.296832828525253500e-01 1.344582811571450343e+01 1.070109233761105827e+02 -9.480879013703315650e+00 3.296832828525253500e-01 -9.480879013703315650e+00 1.066210382995048036e+02
8.438142099468473134e+01 -6.665803193483116118e+00 -5.111446137864986028e+00 -6.665803193483116118e+00 9.992432581223050647e+01 5.427386673170363274e+00 -5.111446137864986028e+00 5.427386673170363274e+00 9.173022447543320368e+01
1.122046357882197327e+02 6.728430177979983107e+00 -1.918563641997401703e+00 6.728430177979983107e+00 9.865105311907326779e+01 -7.803217652238280344e+00 -1.918563641997401703e+00 -7.803217652238280344e+00 1.072695152832434218e+02
1.262267082457209000e+02 2.995728754239635361e+00 2.092464084142459324e+00 2.995728754239635361e+00 1.147208425138592247e+02 8.034466722555867690e+00 2.092464084142459324e+00 8.034466722555867690e+00 1.232117681765710699e+02
1.162766737050273917e+02 -1.112687023722232915e+01 9.976568980594231750e-02 -1.112687023722232915e+01 1.054255143684222418e+02 -6.289946180982559198e+00 9.976568980594231750e-02 -6.289946180982559198e+00 1.001166767251309153e+02
1.099082179178152643e+02 -4.352979620989494980e-01 1.453825766381360474e+01 -4.352979620989494980e-01 9.099724623774551446e+01 -1.791697634450560273e+01 1.453825766381360474e+01 -1.791697634450560273e+01 1.233439648484778957e+02
1.258555589564285384e+02 1.715879514418818275e+01 -4.967741698115911930e+00 1.715879514418818275e+01 9.023340625902632439e+01 3.987298899060183199e+00 -4.967741698115911930e+00 3.987298899060183199e+00 1.047608694463928458e+02
1.031402713965422748e+02 3.411910506947741228e-01 2.991401453108872399e+00 3.411910506947741228e-01 7.418772611339747414e+01 1.249710300736447799e+01 2.991401453108872399e+00 1.249710300736447799e+01 1.016595260129067952e+02
1.403005656585121983e+02 6.093410625230434086e+00 -1.885709440335378417e+01 6.093410625230434086e+00 9.758306568944902892e+01 -1.520432916863335393e+01 -1.885709440335378417e+01 -1.520432916863335393e+01 1.156663340345510846e+02
1.073191603643479937e+02 -8.246599583482611351e+00 1.010191805510732266e+01 -8.246599583482611351e+00 1.129784142937117792e+02 -1.658259835516120617e+01 1.010191805510732266e+01 -1.658259835516120617e+01 8.830994468278201737e+01
1.270931670798267419e+02 -5.584548543908513629e+00 1.585803695593663853e+01 -5.584548543908513629e+00 9.628254526499587485e+01 -1.290600918784173956e+01 1.585803695593663853e+01 -1.290600918784173956e+01 8.998651233077443123e+01
9.020297249283194674e+01 -6.822061561787370998e+00 -5.267752058928919290e+00 -6.822061561787370998e+00 5.328928684255585324e+01 -1.461039520024621297e+01 -5.267752058928919290e+00 -1.461039520024621297e+01 6.534980796331005592e+01
1.189303079061383528e+02 -1.062090887424080954e+01 2.669421717324298449e+00 -1.062090887424080954e+01 1.020539286016820597e+02 1.108383498971309145e+01 2.669421717324298449e+00 1.108383498971309145e+01 1.094765339654519067e+02
1.092042468635315942e+02 1.737625391419894472e+00 7.820907278838761911e+00 1.737625391419894472e+00 1.018029926888574721e+02 1.627540752763671161e+00 7.820907278838761911e+00 1.627540752763671161e+00 9.405688590099333624e+01
8.518011714624839215e+01 9.559293514413516490e+00 1.931031975585160509e+01 9.559293514413516490e+00 1.411534719561095983e+02 -3.043566830476422069e+00 1.931031975585160509e+01 -3.043566830476422069e+00 9.289902375557633718e+01
1.045830221251944607e+02 -1.598524058807719861e+01 -8.933118774964208697e+00 -1.598524058807719861e+01 1.580826823765689539e+02 7.376336528602463360e+00 -8.933118774964208697e+00 7.376336528602463360e+00 1.473639099229093574e+02
9.767118095313367121e+01 2.448111173779563110e+00 -6.684538980796529195e+00 2.448111173779563110e+00 1.054173828465171852e+02 -1.435584527768605767e+01 -6.684538980796529195e+00 -1.435584527768605767e+01 1.191469582792345818e+02
1.354923634691183452e+02 1.307919633859161657e+01 8.220302907380281354e+00 1.307919633859161657e+01 9.668079962730510601e+01 -3.113507429411874483e+01 8.220302907380281354e+00 -3.113507429411874483e+01 9.181391733246773867e+01
8.483283934231475598e+01 3.807597020234322560e+00 -8.696543795562604373e+00 3.807597020234322560e+00 1.060268665673192601e+02 -1.025684494614057485e+01 -8.696543795562604373e+00 -1.025684494614057485e+01 8.536737991386317503e+01
7.920487512881958025e+01 -8.066374624300284291e-01 -4.000708777289580631e+00 -8.066374624300284291e-01 1.082715945879529755e+02 -4.001326963165404038e+00 -4.000708777289580631e+00 -4.001326963165404038e+00 9.032532574348526566e+01
1.454382609197198235e+02 -9.261803449863480253e+00 -1.466527108491544995e+00 -9.261803449863480253e+00 1.491148500870392866e+02 -2.162837413190988656e+01 -1.466527108491544995e+00 -2.162837413190988656e+01 1.119210786822555690e+02
9.995761274400561547e+01 4.811816199129407501e+00 8.640621750180436322e+00 4.811816199129407501e+00 1.187378618877185943e+02 1.876522247165450707e+01 8.640621750180436322e+00 1.876522247165450707e+01 9.728562317765866396e+01
1.170374703071271369e+02 -1.497669410805134937e+01 -4.840870935293102306e+00 -1.497669410805134937e+01 1.127655205886301673e+02 1.704138738054144042e+01 -4.840870935293102306e+00 1.704138738054144042e+01 1.177753940318214205e+02
1.668966814885379790e+02 4.735779336403144191e-01 -1.795782416506961798e+00 4.735779336403144191e-01 9.935212345501655307e+01 1.625890672002819670e+01 -1.795782416506961798e+00 1.625890672002819670e+01 1.145019096082984191e+02
1.169263395077579872e+02 -1.579132043410740094e+00 6.508403558946572076e+00 -1.579132043410740094e+00 1.024414360403038984e+02 5.304320131121849968e+00 6.508403558946572076e+00 5.304320131121849968e+00 8.945059272919533555e+01
7.932798922362775329e+01 4.674150959859530552e+00 2.652117268077214618e+01 4.674150959859530552e+00 1.031908675328404286e+02 -4.583562952671580426e+00 2.652117268077214618e+01 -4.583562952671580426e+00 7.912298927665283088e+01
1.134955505552177897e+02 -2.478354728935225015e+00 1.494245612108267451e+01 -2.478354728935225015e+00 1.124835327237353937e+02 1.033511678857173877e+00 1.494245612108267451e+01 1.033511678857173877e+00 1.065708225852840627e+02
1.157847404061511014e+02 1.198671923773283687e+01 -3.342288511502136572e+01 1.198671923773283687e+01 1.188270708648758642e+02 -2.843227053949999306e+00 -3.342288511502136572e+01 -2.843227053949999306e+00 1.041556654739618608e+02
1.031835444078499080e+02 1.334710858662149224e+00 2.797975847839734342e+01 1.334710858662149224e+00 7.829005513812047923e+01 1.617007816494836092e+01 2.797975847839734342e+01 1.617007816494836092e+01 1.043948558551457921e+02
9.922434918975984885e+01 -1.056241897983599243e+00 -3.152581532039873835e+01 -1.056241897983599243e+00 1.089305331788209088e+02 5.928687865703368587e+00 -3.152581532039873835e+01 5.928687865703368587e+00 1.035122766355088686e+02
1.159575471348235425e+02 3.355893356046216525e+00 -6.071060828181438218e-01 3.355893356046216525e+00 6.363691000692308819e+01 6.683017292486810312e+00 -6.071060828181438218e-01 6.683017292486810312e+00 1.142611975388047796e+02
1.003102640097829550e+02 -8.019202286699000481e+00 4.159297230818092217e+00 -8.019202286699000481e+00 1.098233362417887662e+02 -4.984908244359927743e+00 4.159297230818092217e+00 -4.984908244359927743e+00 1.039864252022653233e+02
1.182792155206173987e+02 -4.212746532696966639e+00 3.280759995753848024e+00 -4.212746532696966639e+00 1.594902916158185633e+02 1.899000436665578917e+01 3.280759995753848024e+00 1.899000436665578917e+01 1.081379237804960951e+02
1.343943226953771557e+02 -2.026603511987440598e+00 1.106914118697237015e+01 -2.026603511987440598e+00 1.193697429583293541e+02 -3.466596180578263020e-01 1.106914118697237015e+01 -3.466596180578263020e-01 1.013078733550827053e+02
7.938785814806327323e+01 -3.279808940560273722e+00 4.568013200256640260e+00 -3.279808940560273722e+00 9.662387897396968128e+01 1.491449509839159226e+01 4.568013200256640260e+00 1.491449509839159226e+01 7.951648836299419543e+01
1.346944281617095385e+02 -3.877927551799140171e-01 -4.965696929449726404e+00 -3.877927551799140171e-01 1.279050353458214460e+02 2.547401335988718207e-01 -4.965696929449726404e+00 2.547401335988718207e-01 1.151506243558354470e+02
1.201588810051976139e+02 3.857146995819542568e+00 -7.059159621545440189e+00 3.857146995819542568e+00 1.144488407284969753e+02 6.973089126526967441e+00 -7.059159621545440189e+00 6.973089126526967441e+00 1.274437735769379003e+02
1.300438158178909589e+02 -2.469890337712414008e-01 -1.817708993994816780e+01 -2.469890337712414008e-01 1.213962513647974220e+02 9.706088883541704959e+00 -1.817708993994816780e+01 9.706088883541704959e+00 9.131066647678791526e+01
1.220183365669143711e+02 1.451362533430003054e+01 1.887145533677675502e+01 1.451362533430003054e+01 1.111289448115275462e+02 -2.974910156052294496e+01 1.887145533677675502e+01 -2.974910156052294496e+01 1.067953667164869671e+02
1.152953749562974366e+02 -2.432894290682374283e+00 -2.056561750585030435e+00 -2.432894290682374283e+00 1.282469872406710749e+02 -1.969207331055232268e+00 -2.056561750585030435e+00 -1.969207331055232268e+00 1.207855312722437162e+02
1.176754856837364542e+02 -6.094599444222401630e+00 -4.127769751151104671e+00 -6.094599444222401630e+00 1.165158640862113231e+02 -2.318082907714087071e+01 -4.127769751151104671e+00 -2.318082907714087071e+01 1.151201430368813732e+02
9.959259776071181136e+01 1.058353240513334015e+01 1.355586520161104813e+00 1.058353240513334015e+01 1.219796761732955872e+02 -2.112550369830748664e+01 1.355586520161104813e+00 -2.112550369830748664e+01 9.039014015492735155e+01
1.089470339864294175e+02 6.643120527116369578e-02 2.463294769944976181e+01 6.643120527116369578e-02 1.294289586352452091e+02 -3.635869739206582096e+01 2.463294769944976181e+01 -3.635869739206582096e+01 1.262608035744105308e+02
1.118058107927943610e+02 -8.878623312372400989e+00 -2.889234348939154984e+01 -8.878623312372400989e+00 1.117191221119000630e+02 8.836158697979309196e+00 -2.889234348939154984e+01 8.836158697979309196e+00 1.281828385678644793e+02
1.423427189229145711e+02 -1.100784567974650763e+01 1.246124822656672571e+01 -1.100784567974650763e+01 9.456004165115380999e+01 4.146981066061305121e+00 1.246124822656672571e+01 4.146981066061305121e+00 1.122280317459816530e+02
1.140287596494952140e+02 2.400368203062134054e+00 -2.963435675141820269e+01 2.400368203062134054e+00 8.961650430771436504e+01 -3.239769516910795955e-01 -2.963435675141820269e+01 -3.239769516910795955e-01 9.075876914795674111e+01
1.103399494229383322e+02 2.817025483367027405e+00 -1.735832652380006991e+01 2.817025483367027405e+00 7.325978156102705441e+01 -1.801769308950511927e+01 -1.735832652380006991e+01 -1.801769308950511927e+01 1.057536284102053656e+02
1.379984414569462672e+02 -2.002922237667440764e-01 -6.848263132370342454e+00 -2.002922237667440764e-01 8.527465203248968351e+01 -1.869627097012037353e+01 -6.848263132370342454e+00 -1.869627097012037353e+01 8.130932250840106690e+01
1.125366967090562014e+02 3.816108964216812005e+00 -8.838346124924530756e+00 3.816108964216812005e+00 1.191820522158774764e+02 6.180669939240874378e+00 -8.838346124924530756e+00 6.180669939240874378e+00 1.132132773737649387e+02
1.064663491722699433e+02 8.335523244081805672e+00 -1.676115896775477765e+01 8.335523244081805672e+00 1.055627040800953296e+02 6.328796785640069533e-01 -1.676115896775477765e+01 6.328796785640069533e-01 1.041290834813014641e+02
1.359537678962809082e+02 3.763943586849262335e+00 -1.816800736284953643e+00 3.763943586849262335e+00 9.885909644266763507e+01 -7.686000099630249771e+00 -1.816800736284953643e+00 -7.686000099630249771e+00 1.046155482128147156e+02
1.163838576253432109e+02 2.673463701896989342e+00 -8.821987975595051878e+00 2.673463701896989342e+00 1.651009941775503762e+02 4.682995773159771558e-01 -8.821987975595051878e+00 4.682995773159771558e-01 1.272496156591697201e+02
9.124100168385859888e+01 -9.178158145588621863e+00 4.422691966678489628e+00 -9.178158145588621863e+00 8.722968864116066356e+01 -1.598324337217069058e+01 4.422691966678489628e+00 -1.598324337217069058e+01 1.083181962924381025e+02
1.348966700486230934e+02 6.379107605380148094e+00 -2.596038298588106841e+01 6.379107605380148094e+00 1.008285415375212750e+02 -3.536498737305973084e-01 -2.596038298588106841e+01 -3.536498737305973084e-01 1.295896869629592345e+02
9.885985728682250340e+01 5.287343795916550349e+00 -1.019241095677591780e+01 5.287343795916550349e+00 1.332468270515701079e+02 -1.083608511178699096e+01 -1.019241095677591780e+01 -1.083608511178699096e+01 1.156046581052477933e+02
1.330939924819627436e+02 6.987164743391866217e+00 -2.252521917945043484e+01 6.987164743391866217e+00 9.044701325550310855e+01 -5.212448199422574646e+00 -2.252521917945043484e+01 -5.212448199422574646e+00 1.011212763261034411e+02
1.086017533984022663e+02 3.324080559821156911e+00 -5.854600666123930708e+00 3.324080559821156911e+00 1.139151085538630923e+02 2.536036226425505191e+00 -5.854600666123930708e+00 2.536036226425505191e+00 9.540900106969789363e+01
9.238982880493664140e+01 -7.728464714023341564e+00 -1.894578030015458481e+01 -7.728464714023341564e+00 1.304642773189701472e+02 -1.156069406377123876e+01 -1.894578030015458481e+01 -1.156069406377123876e+01 9.115374236984816037e+01
1.098372216476149532e+02 2.487294647754823007e+00 6.543259731791069289e-02 2.487294647754823007e+00 8.414998171332841537e+01 1.475799896628894281e+01 6.543259731791069289e-02 1.475799896628894281e+01 1.098507741841233809e+02
1.220037378696930119e+02 4.095291216290543268e+00 -1.065215103734972324e+01 4.095291216290543268e+00 1.298142310941621247e+02 -5.743469866754776554e+00 -1.065215103734972324e+01 -5.743469866754776554e+00 1.049102326645436989e+02
1.595578165345623347e+02 -1.921274149299088574e+00 -1.151903784629268301e+01 -1.921274149299088574e+00 1.263288991262704570e+02 -1.220094442008544533e+01 -1.151903784629268301e+01 -1.220094442008544533e+01 1.157918733201029085e+02
1.431433647376250633e+02 5.823738925092445839e+00 -2.465943458659080711e+00 5.823738925092445839e+00 1.174851319867425588e+02 1.339394805490502627e+01 -2.465943458659080711e+00 1.339394805490502627e+01 1.358296551935194714e+02
1.343749687221879299e+02 -2.273021912642537654e-02 1.662254267329132418e+01 -2.273021912642537654e-02 1.267368066987944673e+02 -6.016375154550916982e+00 1.662254267329132418e+01 -6.016375154550916982e+00 1.240101314588169998e+02
6.816321943694150320e+01 5.040212103866272386e+00 8.793028344950716502e+00 5.040212103866272386e+00 6.325330189459490526e+01 -6.084993786767301849e+00 8.793028344950716502e+00 -6.084993786767301849e+00 6.896743170862791317e+01
9.585323895061644350e+01 -7.936365379338679915e+00 2.714882155577149447e+01 -7.936365379338679915e+00 8.748043434294652343e+01 9.747364678942830318e-01 2.714882155577149447e+01 9.747364678942830318e-01 1.061765151020281763e+02
1.189861823987608460e+02 -7.230872636745276916e-01 9.801194402899133351e+00 -7.230872636745276916e-01 1.182553440352586875e+02 1.590207081139912582e+01 9.801194402899133351e+00 1.590207081139912582e+01 1.166638482743314853e+02
1.000428272893498729e+02 8.186968422845502857e+00 -1.390899199498517902e+01 8.186968422845502857e+00 9.880098697034024724e+01 -5.814751453513168356e-01 -1.390899199498517902e+01 -5.814751453513168356e-01 1.186084708286328180e+02
8.513070982894222993e+01 -3.137293319803167169e+00 2.421357991184318337e+01 -3.137293319803167169e+00 8.524559729632599669e+01 9.757398311235037980e+00 2.421357991184318337e+01 9.757398311235037980e+00 8.765423967957222828e+01
