1.173777984873478175e+02 7.422996375526577317e+00 -4.323196174187463825e+00 7.422996375526577317e+00 1.045213365481830863e+02 -2.245772174116198894e+00 -4.323196174187463825e+00 -2.245772174116198894e+00 9.774621701024217657e+01
1.316628189671707219e+02 -1.983278955760565765e+01 -9.039816758468191438e+00 -1.983278955760565765e+01 1.488253409688472004e+02 4.559476790946837887e+00 -9.039816758468191438e+00 4.559476790946837887e+00 1.260606286116485819e+02
1.142056405836857067e+02 1.193977411897376406e+01 -3.685770481634777163e+00 1.193977411897376406e+01 1.723989342898154007e+02 -1.496839354873683092e+01 -3.685770481634777163e+00 -1.496839354873683092e+01 1.346225644096217593e+02
1.184267733234969313e+02 3.212173549058705113e+00 -6.355426033575525047e+00 3.212173549058705113e+00 1.276730237349816406e+02 1.642053778156402188e+01 -6.355426033575525047e+00 1.642053778156402188e+01 1.067633896211388844e+02
1.122195464095784274e+02 7.163412529977426502e+00 1.142479630133463431e+01 7.163412529977426502e+00 1.342532435412262259e+02 1.478295634024606287e+01 1.142479630133463431e+01 1.478295634024606287e+01 1.142053581203064425e+02
1.034666653672186811e+02 1.033815968128285329e-01 -1.869907570767554361e+01 1.033815968128285329e-01 1.240005761094024166e+02 -1.785785268697953398e+01 -1.869907570767554361e+01 -1.785785268697953398e+01 1.090764822339811104e+02
1.255995542222201351e+02 -1.410843379054924540e+01 -3.782702497954273824e+00 -1.410843379054924540e+01 1.327390985966492565e+02 -3.060726100540094308e+00 -3.782702497954273824e+00 -3.060726100540094308e+00 1.205269827028293150e+02
1.329992002917270781e+02 -2.132363127339284237e+00 1.406512273906117549e+01 -2.132363127339284237e+00 1.361285179161999110e+02 2.540522710384467864e+00 1.406512273906117549e+01 2.540522710384467864e+00 1.238540717700210507e+02
1.471180381500794283e+02 5.363320491119445421e+00 -1.483351728513539669e+01 5.363320491119445421e+00 1.088827594330317510e+02 9.972181296208658452e+00 -1.483351728513539669e+01 9.972181296208658452e+00 1.414027682883895238e+02
1.110342829929315229e+02 -1.121219553120406331e+01 3.696424058756245046e+01 -1.121219553120406331e+01 1.200213261767060970e+02 -2.948173859346965386e+01 3.696424058756245046e+01 -2.948173859346965386e+01 1.181868206828070527e+02
1.422516648975557132e+02 -7.822634979963781987e+00 -1.289727789746926367e+00 -7.822634979963781987e+00 1.258665291928601988e+02 2.011280492092201300e+01 -1.289727789746926367e+00 2.011280492092201300e+01 1.208238046372122199e+02
1.185544467709269867e+02 -7.580705095619007849e+00 -2.116215637491014334e+01 -7.580705095619007849e+00 1.348716029556781848e+02 1.669443310499618960e+01 -2.116215637491014334e+01 1.669443310499618960e+01 1.415045021821566422e+02
1.224356819110166157e+02 -4.281344516825621227e+00 6.217960522330779893e-01 -4.281344516825621227e+00 1.253482559691295961e+02 1.908925178890720176e+01 6.217960522330779893e-01 1.908925178890720176e+01 9.442138765008461121e+01
1.116147923145612992e+02 -7.455197200763359788e+00 -3.998786983095841574e+00 -7.455197200763359788e+00 1.033128640572061556e+02 -8.874999376664132189e-01 -3.998786983095841574e+00 -8.874999376664132189e-01 9.397726106341238506e+01
7.901644694868595309e+01 -9.746540133401788708e+00 -6.054837920802341067e+00 -9.746540133401788708e+00 8.266803936142905229e+01 -1.438844915386559720e+01 -6.054837920802341067e+00 -1.438844915386559720e+01 8.447533421645842111e+01
1.367208436225291450e+02 2.123183067513008560e+00 6.321247964683851528e+00 2.123183067513008560e+00 1.400915732818180857e+02 -9.035815193928531386e+00 6.321247964683851528e+00 -9.035815193928531386e+00 1.005892579998248380e+02
1.132915420111380342e+02 -1.987713630815105503e+01 -1.261222527055593368e+01 -1.987713630815105503e+01 1.512160639337587895e+02 1.381250632353401819e+01 -1.261222527055593368e+01 1.381250632353401819e+01 1.282653494413108604e+02
1.050668674880132443e+02 1.495982549289897356e+01 2.412957540583137828e+01 1.495982549289897356e+01 9.952630122640185562e+01 -1.137272888508919344e+01 2.412957540583137828e+01 -1.137272888508919344e+01 1.048005986758213766e+02
1.424089969998091192e+02 8.391327916894095296e+00 1.687073733089055949e+01 8.391327916894095296e+00 1.087414806661668649e+02 -1.412928900338535021e+00 1.687073733089055949e+01 -1.412928900338535021e+00 8.144520831533924365e+01
1.493353756773491057e+02 6.359192211965791763e-01 1.469798194031566307e+00 6.359192211965791763e-01 1.540008233127520896e+02 -3.549952673435774919e+00 1.469798194031566307e+00 -3.549952673435774919e+00 1.385213122792261515e+02
1.158364899811310664e+02 9.851851896639630679e-01 6.141177560399211366e+00 9.851851896639630679e-01 1.218065418109225249e+02 -1.083510691987858010e+01 6.141177560399211366e+00 -1.083510691987858010e+01 1.040709016127071465e+02
1.549401082032846944e+02 1.590268825290231114e-01 4.082207834440255034e+00 1.590268825290231114e-01 1.278030981211354771e+02 -4.421493430173431882e+00 4.082207834440255034e+00 -4.421493430173431882e+00 1.422436617684763860e+02
1.271474064633899985e+02 -6.130349797527194333e+00 1.889868316235969514e+00 -6.130349797527194333e+00 9.677449590832340220e+01 -1.268608944423504248e+01 1.889868316235969514e+00 -1.268608944423504248e+01 1.059761641831133403e+02
1.026718134179528334e+02 -1.455180714154342603e+01 -1.114237999929448897e+01 -1.455180714154342603e+01 8.901767489572955583e+01 -2.546124900739989982e+00 -1.114237999929448897e+01 -2.546124900739989982e+00 9.156417641430857657e+01
1.319567691905310483e+02 -5.680526866039682155e+00 7.934772941533982049e+00 -5.680526866039682155e+00 1.208131181060298474e+02 -5.928435558579004949e-01 7.934772941533982049e+00 -5.928435558579004949e-01 1.091917272927232716e+02
1.027378627714721517e+02 5.460534970818212486e+00 2.017358162469494332e+01 5.460534970818212486e+00 1.010726940734454899e+02 -4.115773899343509790e+00 2.017358162469494332e+01 -4.115773899343509790e+00 1.107106741147478175e+02
1.035716475898473874e+02 9.967379418761067811e+00 1.144193241301034725e+01 9.967379418761067811e+00 1.058913310148725770e+02 1.714143140269100130e+01 1.144193241301034725e+01 1.714143140269100130e+01 9.972284866114391377e+01
1.025142930067799369e+02 -8.719738672525375378e+00 -6.994546506403830577e+00 -8.719738672525375378e+00 1.206256565766543076e+02 1.785973577617467001e+01 -6.994546506403830577e+00 1.785973577617467001e+01 1.161003107773692733e+02
1.304177203913484391e+02 -2.001723814426898507e+00 -4.183800496517706691e+00 -2.001723814426898507e+00 8.134483966123863752e+01 -1.893328492632027249e+01 -4.183800496517706691e+00 -1.893328492632027249e+01 1.084518144707254521e+02
1.164033469060961323e+02 -7.434906914685796231e+00 1.391169804688767542e+01 -7.434906914685796231e+00 1.311460992920260935e+02 -1.042586456054619681e+01 1.391169804688767542e+01 -1.042586456054619681e+01 1.006240480727049231e+02
1.092342851085332853e+02 -2.910502659998320141e+00 -4.903470109667847687e+00 -2.910502659998320141e+00 1.286570790711285213e+02 1.282496727237613854e+01 -4.903470109667847687e+00 1.282496727237613854e+01 9.272641906554495961e+01
1.324303190458772406e+02 -5.798831944723943366e+00 9.929623480398642954e+00 -5.798831944723943366e+00 1.117669459215280767e+02 -2.699784979062882950e+00 9.929623480398642954e+00 -2.699784979062882950e+00 1.208666919936314059e+02
1.305034951041867828e+02 5.203446218452613126e-01 1.848016658874127582e+00 5.203446218452613126e-01 8.427977540354382313e+01 -3.470533386631019512e-01 1.848016658874127582e+00 -3.470533386631019512e-01 8.735796715636877252e+01
1.398336371393146749e+02 6.055497002020637787e+00 -1.268180541631611646e+01 6.055497002020637787e+00 1.289083302469892089e+02 -9.922138200847987477e+00 -1.268180541631611646e+01 -9.922138200847987477e+00 1.205105056723718917e+02
1.003905920897382629e+02 -1.026782629984461792e+01 -2.162294830095930820e+01 -1.026782629984461792e+01 1.154758313230331197e+02 -1.103523222409139137e+01 -2.162294830095930820e+01 -1.103523222409139137e+01 1.313843100752104647e+02
1.036803959908663444e+02 -5.376784578864650221e+00 -9.590102498516075435e-01 -5.376784578864650221e+00 1.125906091354794540e+02 -3.042836753186326071e+00 -9.590102498516075435e-01 -3.042836753186326071e+00 9.281789012319856624e+01
1.044329725877014425e+02 -8.065271022756732577e+00 -1.587161728118261061e+00 -8.065271022756732577e+00 1.405921925443443286e+02 -6.835613778334563850e-01 -1.587161728118261061e+00 -6.835613778334563850e-01 1.141493362167512231e+02
1.065502239242497780e+02 -1.507177514554965958e+00 2.558821629638177697e+01 -1.507177514554965958e+00 1.557426337410206827e+02 -1.002236562325896685e+01 2.558821629638177697e+01 -1.002236562325896685e+01 1.365975012802478830e+02
1.342241968903912834e+02 5.193183382339135790e+00 -5.535858538623552150e+00 5.193183382339135790e+00 1.249753101540333944e+02 6.931510095596737031e+00 -5.535858538623552150e+00 6.931510095596737031e+00 1.199609260907721762e+02
9.451921413377179704e+01 5.149589867471795479e+00 -2.512135140767830510e+00 5.149589867471795479e+00 1.495827665203597689e+02 1.413733920969454516e+01 -2.512135140767830510e+00 1.413733920969454516e+01 1.311228431404661876e+02
1.440653622558485267e+02 -1.397586431121184880e+01 5.202598828314803470e+00 -1.397586431121184880e+01 7.657417441705757710e+01 -2.677611603790186035e+00 5.202598828314803470e+00 -2.677611603790186035e+00 1.089091697589934995e+02
1.390556388383452600e+02 3.906656844223935998e+00 -1.195563914544276329e+01 3.906656844223935998e+00 1.186702096791978249e+02 1.163278350293712649e+01 -1.195563914544276329e+01 1.163278350293712649e+01 1.205097995139237241e+02
1.758622177830451676e+02 2.703221616844001307e+00 6.485829960338517886e+00 2.703221616844001307e+00 1.260500362349259547e+02 -4.886898924750672890e+00 6.485829960338517886e+00 -4.886898924750672890e+00 1.266963124466957709e+02
9.772846889457804309e+01 -8.685183985794676431e+00 7.749147424123697725e+00 -8.685183985794676431e+00 1.396391140254573884e+02 -2.551915400015025703e+00 7.749147424123697725e+00 -2.551915400015025703e+00 1.302281874638582622e+02
1.470729852410858598e+02 1.477754245881005346e+00 2.356808528507244915e+01 1.477754245881005346e+00 1.047667501475388434e+02 -9.597446546377096155e+00 2.356808528507244915e+01 -9.597446546377096155e+00 1.134635151318835966e+02
1.228751007747010249e+02 5.756839055672466898e+00 1.539566648711262031e+00 5.756839055672466898e+00 1.170045231316424861e+02 4.499547477311714339e+00 1.539566648711262031e+00 4.499547477311714339e+00 1.233961986322243263e+02
1.054955527432853870e+02 -8.501865252648432403e+00 1.727301226020095370e+01 -8.501865252648432403e+00 1.273118943045848965e+02 -2.182467423098798776e+01 1.727301226020095370e+01 -2.182467423098798776e+01 9.507891531979535671e+01
1.039259037446818752e+02 -8.457330193183524969e+00 2.970752098796616281e+01 -8.457330193183524969e+00 1.089003192397763655e+02 1.459968468432969502e+01 2.970752098796616281e+01 1.459968468432969502e+01 9.947150333082348084e+01
9.485760526213728383e+01 4.685737921480538581e+00 1.816352514057957990e+01 4.685737921480538581e+00 1.327020958939648949e+02 1.032031741115896395e+01 1.816352514057957990e+01 1.032031741115896395e+01 1.375633377284318613e+02
9.483034754603772853e+01 -5.534210835577809462e+00 1.279709755228816270e+01 -5.534210835577809462e+00 8.942621109661376977e+01 2.005287560728688590e+01 1.279709755228816270e+01 2.005287560728688590e+01 8.413350645031181330e+01
1.251958669760134057e+02 1.789876279974381035e+00 -1.324456662228175752e+01 1.789876279974381035e+00 1.018088407170530445e+02 -5.915253934213071663e-01 -1.324456662228175752e+01 -5.915253934213071663e-01 1.069578185805364257e+02
1.332875483247318869e+02 1.577685081743751638e+01 -8.717337733801581834e+00 1.577685081743751638e+01 1.363814167951063325e+02 -1.108197991336058230e+00 -8.717337733801581834e+00 -1.108197991336058230e+00 1.358638497298238974e+02
1.058251875068935135e+02 1.285853333727939329e+01 -2.003795212541545467e+00 1.285853333727939329e+01 1.496691061599566410e+02 -2.509781279273914034e+00 -2.003795212541545467e+00 -2.509781279273914034e+00 1.071524829260833371e+02
1.226466349781014316e+02 -1.622177771701768378e+01 2.348810107150915627e+01 -1.622177771701768378e+01 1.317799941923378810e+02 2.355518612408578250e+01 2.348810107150915627e+01 2.355518612408578250e+01 1.093726921643756071e+02
1.279357617549326278e+02 -5.150860952678510074e+00 4.309920395361772627e+00 -5.150860952678510074e+00 1.269275087226282750e+02 -1.528847163467964521e+01 4.309920395361772627e+00 -1.528847163467964521e+01 1.077433963155162360e+02
1.220938541448700079e+02 5.438314518315636725e+00 1.737808863728940167e+01 5.438314518315636725e+00 9.787859818066006312e+01 1.716341646904418372e+00 1.737808863728940167e+01 1.716341646904418372e+00 1.133576855191170978e+02
1.154635912432647586e+02 -1.070649192785096204e+01 8.357808929220720273e+00 -1.070649192785096204e+01 1.259370979604478151e+02 6.836225782322982170e+00 8.357808929220720273e+00 6.836225782322982170e+00 1.402883561027095425e+02
1.394192633619255730e+02 -2.976316627368235768e+00 3.623628538195372339e+00 -2.976316627368235768e+00 9.815527106065505336e+01 9.867669845878751289e+00 3.623628538195372339e+00 9.867669845878751289e+00 1.001178736970530423e+02
1.117076286118813755e+02 6.768764111907324965e-01 -6.158172440385292212e+00 6.768764111907324965e-01 1.166858573625960247e+02 -8.989397045268491482e+00 -6.158172440385292212e+00 -8.989397045268491482e+00 1.107412272369388688e+02
9.506173213088976581e+01 2.986344077332321323e+00 -1.720225518369381135e+01 2.986344077332321323e+00 1.207152445451127818e+02 2.725639793712065639e+01 -1.720225518369381135e+01 2.725639793712065639e+01 1.347390805535706590e+02
1.340233654277303117e+02 -2.567535624888657964e+01 -1.219333207909848760e+01 -2.567535624888657964e+01 1.361496085151854061e+02 -6.463703662295700036e-01 -1.219333207909848760e+01 -6.463703662295700036e-01 1.205857350857174879e+02
1.060521468321369696e+02 -6.169000203257308801e-01 -6.557010731914564516e+00 -6.169000203257308801e-01 1.225525746728045391e+02 4.529206132135067620e+00 -6.557010731914564516e+00 4.529206132135067620e+00 1.122251015227040511e+02
1.329226527159448779e+02 -8.546871084412122066e-01 1.163753830315483917e+01 -8.546871084412122066e-01 1.047246160267977473e+02 3.781713876126828744e+00 1.163753830315483917e+01 3.781713876126828744e+00 9.247403803616718676e+01
1.177362915928713676e+02 1.116775462619891179e+01 6.026450351185704157e+00 1.116775462619891179e+01 1.329306087677943253e+02 -1.365376190438426462e+01 6.026450351185704157e+00 -1.365376190438426462e+01 9.728292999100945337e+01
9.833675378183603755e+01 -5.369628839923143104e+00 2.812440790161743642e+00 -5.369628839923143104e+00 1.088397308449229399e+02 -8.726988565926641073e+00 2.812440790161743642e+00 -8.726988565926641073e+00 9.832879772998660428e+01
1.148389234800091003e+02 -1.187273614362701224e+01 3.576927926156062032e+00 -1.187273614362701224e+01 9.530719280747540267e+01 -5.636415501643680770e+00 3.576927926156062032e+00 -5.636415501643680770e+00 1.144778411268422502e+02
1.376646008499001823e+02 6.393323203627585549e+00 -1.759276080553461741e+00 6.393323203627585549e+00 1.289394012187088947e+02 -2.741683713654603061e+00 -1.759276080553461741e+00 -2.741683713654603061e+00 1.222008136111535919e+02
1.591075258238047354e+02 1.467868027606554548e+00 1.119816651670031860e+01 1.467868027606554548e+00 7.822489040551158723e+01 -1.591775296646338056e+01 1.119816651670031860e+01 -1.591775296646338056e+01 7.445386306056714432e+01
1.097479918409657103e+02 1.900743156337865170e+00 6.426842191300962348e+00 1.900743156337865170e+00 1.446018543675420460e+02 -7.622556752980848671e+00 6.426842191300962348e+00 -7.622556752980848671e+00 1.184372715457598133e+02
8.872151204256492463e+01 -6.051589591940736312e+00 -1.766525973954725881e+00 -6.051589591940736312e+00 1.445585903932838505e+02 5.050398144118138255e+00 -1.766525973954725881e+00 5.050398144118138255e+00 1.232646648519442465e+02
9.897417947438873398e+01 1.567200982649845864e+00 -4.738888114013181330e+00 1.567200982649845864e+00 8.672934490580333033e+01 -3.636621853641793578e+00 -4.738888114013181330e+00 -3.636621853641793578e+00 8.398634302971213117e+01
1.526602991919664305e+02 4.053820264823618125e+00 6.863530575652418086e+00 4.053820264823618125e+00 1.403149076603609160e+02 6.568073880935973996e+00 6.863530575652418086e+00 6.568073880935973996e+00 9.968584595845953800e+01
1.187501938927611178e+02 -2.432857085652710971e+00 3.815515327179474614e+00 -2.432857085652710971e+00 1.031351475144154364e+02 -2.152540428065139722e+01 3.815515327179474614e+00 -2.152540428065139722e+01 1.067484190620375841e+02
1.224818175962973754e+02 2.540004860855806346e+00 -6.183688298979350684e+00 2.540004860855806346e+00 1.569578382758701878e+02 1.475329768542270870e+01 -6.183688298979350684e+00 1.475329768542270870e+01 1.184001276113857841e+02
1.417231759149414927e+02 -1.895093888752464872e+00 -1.627177373514847503e+01 -1.895093888752464872e+00 1.204530714519203229e+02 -7.010176146723438251e+00 -1.627177373514847503e+01 -7.010176146723438251e+00 1.271786186667993377e+02
1.128110718029997344e+02 -2.360923078398611541e-01 1.663238531601654024e-01 -2.360923078398611541e-01 1.184663652738246071e+02 1.910643497781279621e+01 1.663238531601654024e-01 1.910643497781279621e+01 1.021319788229379526e+02
1.440161665506256838e+02 -1.128817818022769703e+00 -1.766102278885820720e+00 -1.128817818022769703e+00 1.115812262496580445e+02 -7.663231479595731699e+00 -1.766102278885820720e+00 -7.663231479595731699e+00 1.191872588949515972e+02
1.384208023934359062e+02 2.383049376441429834e-01 -1.506767942655024406e+01 2.383049376441429834e-01 1.060145792026940654e+02 5.569000908457900856e+00 -1.506767942655024406e+01 5.569000908457900856e+00 1.064240569481758314e+02
8.552995832019293232e+01 1.233748255698595742e+01 -7.493565143114205185e+00 1.233748255698595742e+01 6.692080012158501745e+01 6.065147834145697026e+00 -7.493565143114205185e+00 6.065147834145697026e+00 6.398412252177434567e+01
1.408489517561007744e+02 6.320541806235676852e+00 -5.266859247098733654e+00 6.320541806235676852e+00 1.092861171386293506e+02 1.506810312161915100e+01 -5.266859247098733654e+00 1.506810312161915100e+01 1.158066430173881969e+02
1.429994396169432207e+02 1.793689535594526374e+00 -2.345128667774429232e+01 1.793689535594526374e+00 1.244133021837457989e+02 1.075055621501708858e+00 -2.345128667774429232e+01 1.075055621501708858e+00 1.084673028793554153e+02
1.164279212200926139e+02 -4.764356895377361845e+00 1.324800326006287721e+00 -4.764356895377361845e+00 1.420055922169816540e+02 1.707797129681500081e+01 1.324800326006287721e+00 1.707797129681500081e+01 1.156113195906229834e+02
1.090231908097588303e+02 2.424524415964245172e+00 4.664317781885895187e+00 2.424524415964245172e+00 1.344140593584906185e+02 2.227911073100357342e+01 4.664317781885895187e+00 2.227911073100357342e+01 1.058111114151598855e+02
1.362052067236716937e+02 -7.423984997354023285e+00 -1.057448737527210625e+01 -7.423984997354023285e+00 1.139848954527861764e+02 -6.439694275057747941e-01 -1.057448737527210625e+01 -6.439694275057747941e-01 1.082020697662208732e+02
9.776024602474592484e+01 1.118790368058683926e+00 -1.390863802694558160e+01 1.118790368058683926e+00 9.440905341585647648e+01 5.465101462116410680e+00 -1.390863802694558160e+01 5.465101462116410680e+00 7.011075321814114147e+01
1.037064296989890551e+02 -4.315098890648389474e-01 4.079618586796947000e+00 -4.315098890648389474e-01 1.343580374549353849e+02 1.475791125395078573e+01 4.079618586796947000e+00 1.475791125395078573e+01 1.363822641852441393e+02
1.101359082151631981e+02 2.741354173045454701e+00 1.250743135684675345e+01 2.741354173045454701e+00 1.358913428320728372e+02 9.243143314312728398e-01 1.250743135684675345e+01 9.243143314312728398e-01 1.383767851834996634e+02
1.215462047296953187e+02 -9.795029680176478237e+00 2.569804747368793940e+01 -9.795029680176478237e+00 1.333116989436594793e+02 4.685172994721998663e+00 2.569804747368793940e+01 4.685172994721998663e+00 1.003194113181621958e+02
1.617231367158451292e+02 9.360365616709788839e+00 1.709407170943339338e+01 9.360365616709788839e+00 1.287003901226165681e+02 9.815037502874769615e+00 1.709407170943339338e+01 9.815037502874769615e+00 1.442692066612217161e+02
1.208767665208253561e+02 1.167331699786237564e+01 4.073733933062154478e+00 1.167331699786237564e+01 1.611108973412773366e+02 -1.921127596875185306e+00 4.073733933062154478e+00 -1.921127596875185306e+00 1.117160083587997264e+02
6.458953569800976879e+01 1.254608176257686891e-01 1.385195704217206547e+01 1.254608176257686891e-01 1.148356751511474840e+02 -1.173541186407190118e+01 1.385195704217206547e+01 -1.173541186407190118e+01 9.604305698770369304e+01
1.316903591466495413e+02 -2.569098588920618820e+00 -2.137230912908704283e+01 -2.569098588920618820e+00 1.491648148734998927e+02 -1.145497280568664777e+01 -2.137230912908704283e+01 -1.145497280568664777e+01 1.280701201690054063e+02
1.205064099533724828e+02 -2.595697223801879172e+00 3.956323321745581545e+00 -2.595697223801879172e+00 1.057481220815826646e+02 1.302626950733590805e+00 3.956323321745581545e+00 1.302626950733590805e+00 8.187605912318579726e+01
9.953698775758424233e+01 -6.680918000954348734e+00 -8.668801109797015236e-01 -6.680918000954348734e+00 8.343530405398620076e+01 1.556368512054840636e+01 -8.668801109797015236e-01 1.556368512054840636e+01 1.027148890832915242e+02
1.067278463125807377e+02 7.840477250087672267e+00 -7.756444394754840044e-01 7.840477250087672267e+00 9.278008710760626343e+01 1.811108110649511049e+00 -7.756444394754840044e-01 1.811108110649511049e+00 7.571397927272060713e+01
9.948506157302844599e+01 2.664053361585224877e+00 -5.460487893588333863e-01 2.664053361585224877e+00 1.106158134965429838e+02 1.386447958531970315e+01 -5.460487893588333863e-01 1.386447958531970315e+01 1.104632361945072887e+02
1.414291315371214068e+02 -1.104168180458472470e+01 2.010197715804999327e-02 -1.104168180458472470e+01 9.513385444706337069e+01 -2.356902682967001539e+01 2.010197715804999327e-02 -2.356902682967001539e+01 1.163779252019618156e+02
8.968108721917506898e+01 -8.945709375941394370e+00 -2.005579439553934051e+01 -8.945709375941394370e+00 8.163436462499041113e+01 -5.249346517583991734e+00 -2.005579439553934051e+01 -5.249346517583991734e+00 6.746444797222005718e+01
7.856427015570451999e+01 -4.197170429803154690e+00 -2.286682286880473924e+00 -4.197170429803154690e+00 1.150647529517354855e+02 -5.601248810924562171e+00 -2.286682286880473924e+00 -5.601248810924562171e+00 1.021369690093050622e+02
1.078312895036990966e+02 1.329691650190646968e+01 2.326646147324194303e+01 1.329691650190646968e+01 1.024775727674748111e+02 2.754742937222853527e+01 2.326646147324194303e+01 2.754742937222853527e+01 1.185864592872442529e+02
1.299664851429645864e+02 5.289974166968996805e+00 2.703268694073879708e+00 5.289974166968996805e+00 1.498841549460408942e+02 1.624493971411782312e+00 2.703268694073879708e+00 1.624493971411782312e+00 9.840021388771202737e+01
1.270235933488099818e+02 -2.425230574412419848e+00 -4.754376522643154246e+00 -2.425230574412419848e+00 1.221561373199990470e+02 1.250973814111079285e+01 -4.754376522643154246e+00 1.250973814111079285e+01 1.187332460900048972e+02
1.269537307396705188e+02 -9.420859857103453194e+00 1.043815171754444115e+01 -9.420859857103453194e+00 1.011668956104320358e+02 1.907089166925464951e+01 1.043815171754444115e+01 1.907089166925464951e+01 9.646764652397641271e+01
1.453183698062903488e+02 -1.062547201523034524e+01 5.607368850808746252e+00 -1.062547201523034524e+01 1.200620950577807236e+02 3.510327769047178492e+01 5.607368850808746252e+00 3.510327769047178492e+01 1.238896621558090629e+02
1.210518467387428956e+02 -5.655575934204163602e+00 -2.371025851930502526e+01 -5.655575934204163602e+00 1.148127485401967363e+02 -1.993344067508554529e+00 -2.371025851930502526e+01 -1.993344067508554529e+00 1.283142626831544533e+02
1.136756922069452713e+02 4.681595125251244660e+00 1.299901179123635231e+01 4.681595125251244660e+00 1.466371913241020764e+02 7.049673942591363485e+00 1.299901179123635231e+01 7.049673942591363485e+00 1.216932269186053475e+02
1.288728340156609420e+02 9.219745931063195954e+00 1.550168440879863496e+01 9.219745931063195954e+00 1.163499613274140927e+02 1.611651303100972044e+01 1.550168440879863496e+01 1.611651303100972044e+01 1.030628368893223126e+02
1.338918787246800832e+02 4.639649313429646149e+00 -9.388894418016061394e+00 4.639649313429646149e+00 1.208381161150952465e+02 -3.425009705338667665e+00 -9.388894418016061394e+00 -3.425009705338667665e+00 1.500335780736747324e+02
1.217963731292688010e+02 1.040124316931982484e+00 -9.003237750852722598e+00 1.040124316931982484e+00 1.218587504588575996e+02 -1.298041628543440851e+01 -9.003237750852722598e+00 -1.298041628543440851e+01 1.148042275615887604e+02
1.382092843995925193e+02 1.370700625137666329e+00 3.749889668729073033e+00 1.370700625137666329e+00 9.703864624517076720e+01 1.118460827449535788e+00 3.749889668729073033e+00 1.118460827449535788e+00 9.038089024131654980e+01
1.390967372600290730e+02 -1.282077739891696666e+01 4.569127623071897126e+00 -1.282077739891696666e+01 1.093589456132511373e+02 1.511720467238225574e+01 4.569127623071897126e+00 1.511720467238225574e+01 1.390797894572728524e+02
1.140716587874519519e+02 4.272588152068251155e+00 1.643983944581414036e+01 4.272588152068251155e+00 1.299653552894475013e+02 6.601687023069106708e+00 1.643983944581414036e+01 6.601687023069106708e+00 1.018819987322839751e+02
9.841998632426093252e+01 2.960357446439479290e+00 -1.267747431116730716e+01 2.960357446439479290e+00 1.019888640441077996e+02 9.950808233843893902e+00 -1.267747431116730716e+01 9.950808233843893902e+00 1.081238744873929534e+02
9.300657566055095060e+01 -1.538742797188391087e+01 -1.125522411931286193e+01 -1.538742797188391087e+01 8.124465931605752189e+01 1.509644361400590817e+01 -1.125522411931286193e+01 1.509644361400590817e+01 8.645789759832484833e+01
1.174017607973559052e+02 -6.702903067307532048e+00 2.323892129376311644e+01 -6.702903067307532048e+00 1.363596671149025497e+02 -1.198059007727828273e+01 2.323892129376311644e+01 -1.198059007727828273e+01 1.115538743790987297e+02
8.616936125640052069e+01 3.374025065380428678e+00 3.520246941382543682e+00 3.374025065380428678e+00 1.171419886428872417e+02 -1.086137601415069298e+01 3.520246941382543682e+00 -1.086137601415069298e+01 1.121834852514916037e+02
7.717092538299539228e+01 1.300696784308578824e+00 -8.300892558297810808e+00 1.300696784308578824e+00 1.052030619140512897e+02 2.714534275183765999e+01 -8.300892558297810808e+00 2.714534275183765999e+01 9.815254058132211412e+01
9.755145851023549142e+01 -1.324188322017869179e+00 1.526662780001609931e+01 -1.324188322017869179e+00 1.118504138501023704e+02 -4.701602947949537814e+00 1.526662780001609931e+01 -4.701602947949537814e+00 1.200865752173174741e+02
1.275735966254785865e+02 -8.401590753007573298e+00 7.817644793596678632e+00 -8.401590753007573298e+00 1.312953811879702926e+02 9.019291086241237210e+00 7.817644793596678632e+00 9.019291086241237210e+00 1.159530061250799378e+02
1.288775888158786529e+02 6.627061649973530200e-01 -1.028030176576237764e+01 6.627061649973530200e-01 9.794384722127142595e+01 2.211923645833674357e+01 -1.028030176576237764e+01 2.211923645833674357e+01 1.070171358901831269e+02
1.319586522797261807e+02 1.041094107867476382e+01 -1.707203956585032856e+01 1.041094107867476382e+01 1.281437489565351200e+02 3.169992351087714599e+00 -1.707203956585032856e+01 3.169992351087714599e+00 1.354206646877492233e+02
1.170951938763881657e+02 3.416441649500810307e+00 8.652841928868259203e+00 3.416441649500810307e+00 1.467361947385362555e+02 2.414685274919672775e+00 8.652841928868259203e+00 2.414685274919672775e+00 1.147810655644886282e+02
1.155672082262269669e+02 5.976124792445761891e+00 1.226606639926051834e+01 5.976124792445761891e+00 1.253182677736970874e+02 1.500713810892670352e+01 1.226606639926051834e+01 1.500713810892670352e+01 1.180817913829484809e+02
1.305993914214489564e+02 -2.791679731785396967e+00 -9.951514392292068578e+00 -2.791679731785396967e+00 1.434760494922315104e+02 1.335034915781838194e+01 -9.951514392292068578e+00 1.335034915781838194e+01 1.389006605975857838e+02
1.045807009350596672e+02 -6.825256787761330157e-01 -2.077485200470106719e+01 -6.825256787761330157e-01 1.170210001620999094e+02 1.198266147539292881e+01 -2.077485200470106719e+01 1.198266147539292881e+01 1.134697293262275366e+02
8.857552555271220740e+01 -2.001582582737263305e+00 1.635128717641298834e+01 -2.001582582737263305e+00 1.079586804877498736e+02 3.261929473317119488e+01 1.635128717641298834e+01 3.261929473317119488e+01 1.151263770456462225e+02
1.145406892287298319e+02 -4.935670934904630158e+00 -1.814262285051359669e+00 -4.935670934904630158e+00 1.049881072824267818e+02 8.554874213491439505e+00 -1.814262285051359669e+00 8.554874213491439505e+00 1.054013041290689472e+02
